-20,2,Xaksw0MCcfG0i43MJLDCyUEscuw=,q8pxDRRxBxYwdwcXcOawQ3OhYZY=
-20,3,Xaksw0MCcfG0i43MJLDCyUEscuw=,q8pxDRRxBxYwdwcXcOawQ3OhYZY=
-19,2,Xaksw0MCcfG0i43MJLDCyUEscuw=,q8pxDRRxBxYwdwcXcOawQ3OhYZY=
-30,2,Xaksw0MCcfG0i43MJLDCyUEscuw=,q8pxDRRxBxYwdwcXcOawQ3OhYZY=
-25,2,Xaksw0MCcfG0i43MJLDCyUEscuw=,q8pxDRRxBxYwdwcXcOawQ3OhYZY=
-28,2,Xaksw0MCcfG0i43MJLDCyUEscuw=,q8pxDRRxBxYwdwcXcOawQ3OhYZY=
-21,3,Xaksw0MCcfG0i43MJLDCyUEscuw=,q8pxDRRxBxYwdwcXcOawQ3OhYZY=
-22,2,Xaksw0MCcfG0i43MJLDCyUEscuw=,q8pxDRRxBxYwdwcXcOawQ3OhYZY=
-24,2,Xaksw0MCcfG0i43MJLDCyUEscuw=,q8pxDRRxBxYwdwcXcOawQ3OhYZY=
-20,15,Xaksw0MCcfG0i43MJLDCyUEscuw=,q8pxDRRxBxYwdwcXcOawQ3OhYZY=
-17,1,Xaksw0MCcfG0i43MJLDCyUEscuw=,q8pxDRRxBxYwdwcXcOawQ3OhYZY=
-27,2,Xaksw0MCcfG0i43MJLDCyUEscuw=,q8pxDRRxBxYwdwcXcOawQ3OhYZY=
-17,15,Xaksw0MCcfG0i43MJLDCyUEscuw=,q8pxDRRxBxYwdwcXcOawQ3OhYZY=
-26,2,Xaksw0MCcfG0i43MJLDCyUEscuw=,q8pxDRRxBxYwdwcXcOawQ3OhYZY=
-25,15,Xaksw0MCcfG0i43MJLDCyUEscuw=,q8pxDRRxBxYwdwcXcOawQ3OhYZY=
-31,2,Xaksw0MCcfG0i43MJLDCyUEscuw=,q8pxDRRxBxYwdwcXcOawQ3OhYZY=
-23,2,HUdP1yfVqhTqF1F7cJTqOD6NMrg=,q8pxDRRxBxYwdwcXcOawQ3OhYZY=
-29,0,HUdP1yfVqhTqF1F7cJTqOD6NMrg=,q8pxDRRxBxYwdwcXcOawQ3OhYZY=
-21,15,HUdP1yfVqhTqF1F7cJTqOD6NMrg=,q8pxDRRxBxYwdwcXcOawQ3OhYZY=
-21,2,HUdP1yfVqhTqF1F7cJTqOD6NMrg=,q8pxDRRxBxYwdwcXcOawQ3OhYZY=
-29,2,HUdP1yfVqhTqF1F7cJTqOD6NMrg=,q8pxDRRxBxYwdwcXcOawQ3OhYZY=
-32,2,HUdP1yfVqhTqF1F7cJTqOD6NMrg=,q8pxDRRxBxYwdwcXcOawQ3OhYZY=
-24,15,HUdP1yfVqhTqF1F7cJTqOD6NMrg=,q8pxDRRxBxYwdwcXcOawQ3OhYZY=
-30,15,HUdP1yfVqhTqF1F7cJTqOD6NMrg=,q8pxDRRxBxYwdwcXcOawQ3OhYZY=
-27,15,HUdP1yfVqhTqF1F7cJTqOD6NMrg=,q8pxDRRxBxYwdwcXcOawQ3OhYZY=
-19,15,HUdP1yfVqhTqF1F7cJTqOD6NMrg=,q8pxDRRxBxYwdwcXcOawQ3OhYZY=
-23,15,HUdP1yfVqhTqF1F7cJTqOD6NMrg=,q8pxDRRxBxYwdwcXcOawQ3OhYZY=
-22,15,HUdP1yfVqhTqF1F7cJTqOD6NMrg=,q8pxDRRxBxYwdwcXcOawQ3OhYZY=
-29,15,HUdP1yfVqhTqF1F7cJTqOD6NMrg=,q8pxDRRxBxYwdwcXcOawQ3OhYZY=
-18,15,HUdP1yfVqhTqF1F7cJTqOD6NMrg=,q8pxDRRxBxYwdwcXcOawQ3OhYZY=
-28,15,HUdP1yfVqhTqF1F7cJTqOD6NMrg=,q8pxDRRxBxYwdwcXcOawQ3OhYZY=
-31,15,HUdP1yfVqhTqF1F7cJTqOD6NMrg=,q8pxDRRxBxYwdwcXcOawQ3OhYZY=
-26,15,HUdP1yfVqhTqF1F7cJTqOD6NMrg=,q8pxDRRxBxYwdwcXcOawQ3OhYZY=
-30,0,HUdP1yfVqhTqF1F7cJTqOD6NMrg=,q8pxDRRxBxYwdwcXcOawQ3OhYZY=
-18,1,HUdP1yfVqhTqF1F7cJTqOD6NMrg=,q8pxDRRxBxYwdwcXcOawQ3OhYZY=
-18,2,HUdP1yfVqhTqF1F7cJTqOD6NMrg=,q8pxDRRxBxYwdwcXcOawQ3OhYZY=
-27,14,HUdP1yfVqhTqF1F7cJTqOD6NMrg=,q8pxDRRxBxYwdwcXcOawQ3OhYZY=
-18,14,HUdP1yfVqhTqF1F7cJTqOD6NMrg=,q8pxDRRxBxYwdwcXcOawQ3OhYZY=
-22,3,HUdP1yfVqhTqF1F7cJTqOD6NMrg=,q8pxDRRxBxYwdwcXcOawQ3OhYZY=
-19,14,HUdP1yfVqhTqF1F7cJTqOD6NMrg=,q8pxDRRxBxYwdwcXcOawQ3OhYZY=
-17,14,HUdP1yfVqhTqF1F7cJTqOD6NMrg=,q8pxDRRxBxYwdwcXcOawQ3OhYZY=
-22,14,HUdP1yfVqhTqF1F7cJTqOD6NMrg=,q8pxDRRxBxYwdwcXcOawQ3OhYZY=
-23,14,HUdP1yfVqhTqF1F7cJTqOD6NMrg=,q8pxDRRxBxYwdwcXcOawQ3OhYZY=
-24,14,HUdP1yfVqhTqF1F7cJTqOD6NMrg=,q8pxDRRxBxYwdwcXcOawQ3OhYZY=
-28,14,HUdP1yfVqhTqF1F7cJTqOD6NMrg=,q8pxDRRxBxYwdwcXcOawQ3OhYZY=
-32,1,HUdP1yfVqhTqF1F7cJTqOD6NMrg=,q8pxDRRxBxYwdwcXcOawQ3OhYZY=
-32,15,HUdP1yfVqhTqF1F7cJTqOD6NMrg=,q8pxDRRxBxYwdwcXcOawQ3OhYZY=
-31,0,HUdP1yfVqhTqF1F7cJTqOD6NMrg=,q8pxDRRxBxYwdwcXcOawQ3OhYZY=
-20,14,HUdP1yfVqhTqF1F7cJTqOD6NMrg=,q8pxDRRxBxYwdwcXcOawQ3OhYZY=
-29,14,HUdP1yfVqhTqF1F7cJTqOD6NMrg=,q8pxDRRxBxYwdwcXcOawQ3OhYZY=
-21,14,HUdP1yfVqhTqF1F7cJTqOD6NMrg=,q8pxDRRxBxYwdwcXcOawQ3OhYZY=
-26,14,HUdP1yfVqhTqF1F7cJTqOD6NMrg=,q8pxDRRxBxYwdwcXcOawQ3OhYZY=
-30,14,HUdP1yfVqhTqF1F7cJTqOD6NMrg=,q8pxDRRxBxYwdwcXcOawQ3OhYZY=
-19,13,HUdP1yfVqhTqF1F7cJTqOD6NMrg=,q8pxDRRxBxYwdwcXcOawQ3OhYZY=
-31,14,HUdP1yfVqhTqF1F7cJTqOD6NMrg=,q8pxDRRxBxYwdwcXcOawQ3OhYZY=
-21,13,HUdP1yfVqhTqF1F7cJTqOD6NMrg=,q8pxDRRxBxYwdwcXcOawQ3OhYZY=
-25,14,HUdP1yfVqhTqF1F7cJTqOD6NMrg=,q8pxDRRxBxYwdwcXcOawQ3OhYZY=
-32,14,HUdP1yfVqhTqF1F7cJTqOD6NMrg=,q8pxDRRxBxYwdwcXcOawQ3OhYZY=
-31,1,HUdP1yfVqhTqF1F7cJTqOD6NMrg=,q8pxDRRxBxYwdwcXcOawQ3OhYZY=
-20,13,HUdP1yfVqhTqF1F7cJTqOD6NMrg=,q8pxDRRxBxYwdwcXcOawQ3OhYZY=
-28,0,HUdP1yfVqhTqF1F7cJTqOD6NMrg=,q8pxDRRxBxYwdwcXcOawQ3OhYZY=
-18,13,HUdP1yfVqhTqF1F7cJTqOD6NMrg=,q8pxDRRxBxYwdwcXcOawQ3OhYZY=
-24,13,HUdP1yfVqhTqF1F7cJTqOD6NMrg=,q8pxDRRxBxYwdwcXcOawQ3OhYZY=
-23,3,HUdP1yfVqhTqF1F7cJTqOD6NMrg=,q8pxDRRxBxYwdwcXcOawQ3OhYZY=
-23,13,HUdP1yfVqhTqF1F7cJTqOD6NMrg=,q8pxDRRxBxYwdwcXcOawQ3OhYZY=
-22,13,HUdP1yfVqhTqF1F7cJTqOD6NMrg=,q8pxDRRxBxYwdwcXcOawQ3OhYZY=
-17,13,HUdP1yfVqhTqF1F7cJTqOD6NMrg=,q8pxDRRxBxYwdwcXcOawQ3OhYZY=
-25,13,HUdP1yfVqhTqF1F7cJTqOD6NMrg=,q8pxDRRxBxYwdwcXcOawQ3OhYZY=
-27,13,HUdP1yfVqhTqF1F7cJTqOD6NMrg=,q8pxDRRxBxYwdwcXcOawQ3OhYZY=
-19,1,HUdP1yfVqhTqF1F7cJTqOD6NMrg=,q8pxDRRxBxYwdwcXcOawQ3OhYZY=
-29,13,HUdP1yfVqhTqF1F7cJTqOD6NMrg=,q8pxDRRxBxYwdwcXcOawQ3OhYZY=
-26,13,HUdP1yfVqhTqF1F7cJTqOD6NMrg=,q8pxDRRxBxYwdwcXcOawQ3OhYZY=
-28,13,HUdP1yfVqhTqF1F7cJTqOD6NMrg=,q8pxDRRxBxYwdwcXcOawQ3OhYZY=
-24,3,HUdP1yfVqhTqF1F7cJTqOD6NMrg=,q8pxDRRxBxYwdwcXcOawQ3OhYZY=
-17,0,HUdP1yfVqhTqF1F7cJTqOD6NMrg=,q8pxDRRxBxYwdwcXcOawQ3OhYZY=
-30,13,HUdP1yfVqhTqF1F7cJTqOD6NMrg=,q8pxDRRxBxYwdwcXcOawQ3OhYZY=
-31,13,HUdP1yfVqhTqF1F7cJTqOD6NMrg=,q8pxDRRxBxYwdwcXcOawQ3OhYZY=
-20,1,HUdP1yfVqhTqF1F7cJTqOD6NMrg=,q8pxDRRxBxYwdwcXcOawQ3OhYZY=
-17,12,HUdP1yfVqhTqF1F7cJTqOD6NMrg=,q8pxDRRxBxYwdwcXcOawQ3OhYZY=
-23,12,HUdP1yfVqhTqF1F7cJTqOD6NMrg=,q8pxDRRxBxYwdwcXcOawQ3OhYZY=
-22,12,HUdP1yfVqhTqF1F7cJTqOD6NMrg=,q8pxDRRxBxYwdwcXcOawQ3OhYZY=
-19,3,HUdP1yfVqhTqF1F7cJTqOD6NMrg=,q8pxDRRxBxYwdwcXcOawQ3OhYZY=
-21,12,HUdP1yfVqhTqF1F7cJTqOD6NMrg=,q8pxDRRxBxYwdwcXcOawQ3OhYZY=
-24,12,HUdP1yfVqhTqF1F7cJTqOD6NMrg=,q8pxDRRxBxYwdwcXcOawQ3OhYZY=
-20,12,HUdP1yfVqhTqF1F7cJTqOD6NMrg=,q8pxDRRxBxYwdwcXcOawQ3OhYZY=
-26,12,HUdP1yfVqhTqF1F7cJTqOD6NMrg=,q8pxDRRxBxYwdwcXcOawQ3OhYZY=
-18,12,HUdP1yfVqhTqF1F7cJTqOD6NMrg=,q8pxDRRxBxYwdwcXcOawQ3OhYZY=
-25,12,HUdP1yfVqhTqF1F7cJTqOD6NMrg=,q8pxDRRxBxYwdwcXcOawQ3OhYZY=
-29,12,HUdP1yfVqhTqF1F7cJTqOD6NMrg=,q8pxDRRxBxYwdwcXcOawQ3OhYZY=
-28,12,HUdP1yfVqhTqF1F7cJTqOD6NMrg=,q8pxDRRxBxYwdwcXcOawQ3OhYZY=
-27,12,HUdP1yfVqhTqF1F7cJTqOD6NMrg=,q8pxDRRxBxYwdwcXcOawQ3OhYZY=
-32,13,HUdP1yfVqhTqF1F7cJTqOD6NMrg=,q8pxDRRxBxYwdwcXcOawQ3OhYZY=
-19,12,HUdP1yfVqhTqF1F7cJTqOD6NMrg=,q8pxDRRxBxYwdwcXcOawQ3OhYZY=
-25,3,HUdP1yfVqhTqF1F7cJTqOD6NMrg=,q8pxDRRxBxYwdwcXcOawQ3OhYZY=
-18,0,HUdP1yfVqhTqF1F7cJTqOD6NMrg=,q8pxDRRxBxYwdwcXcOawQ3OhYZY=
-31,12,HUdP1yfVqhTqF1F7cJTqOD6NMrg=,q8pxDRRxBxYwdwcXcOawQ3OhYZY=
-30,12,HUdP1yfVqhTqF1F7cJTqOD6NMrg=,q8pxDRRxBxYwdwcXcOawQ3OhYZY=
-17,11,HUdP1yfVqhTqF1F7cJTqOD6NMrg=,q8pxDRRxBxYwdwcXcOawQ3OhYZY=
-19,11,HUdP1yfVqhTqF1F7cJTqOD6NMrg=,q8pxDRRxBxYwdwcXcOawQ3OhYZY=
-18,11,HUdP1yfVqhTqF1F7cJTqOD6NMrg=,q8pxDRRxBxYwdwcXcOawQ3OhYZY=
-22,11,HUdP1yfVqhTqF1F7cJTqOD6NMrg=,q8pxDRRxBxYwdwcXcOawQ3OhYZY=
-32,12,HUdP1yfVqhTqF1F7cJTqOD6NMrg=,q8pxDRRxBxYwdwcXcOawQ3OhYZY=
-21,1,HUdP1yfVqhTqF1F7cJTqOD6NMrg=,q8pxDRRxBxYwdwcXcOawQ3OhYZY=
-18,3,HUdP1yfVqhTqF1F7cJTqOD6NMrg=,q8pxDRRxBxYwdwcXcOawQ3OhYZY=
-20,11,HUdP1yfVqhTqF1F7cJTqOD6NMrg=,q8pxDRRxBxYwdwcXcOawQ3OhYZY=
-25,11,HUdP1yfVqhTqF1F7cJTqOD6NMrg=,q8pxDRRxBxYwdwcXcOawQ3OhYZY=
-24,11,HUdP1yfVqhTqF1F7cJTqOD6NMrg=,q8pxDRRxBxYwdwcXcOawQ3OhYZY=
-23,11,HUdP1yfVqhTqF1F7cJTqOD6NMrg=,q8pxDRRxBxYwdwcXcOawQ3OhYZY=
-26,11,HUdP1yfVqhTqF1F7cJTqOD6NMrg=,q8pxDRRxBxYwdwcXcOawQ3OhYZY=
-21,11,HUdP1yfVqhTqF1F7cJTqOD6NMrg=,q8pxDRRxBxYwdwcXcOawQ3OhYZY=
-29,11,HUdP1yfVqhTqF1F7cJTqOD6NMrg=,q8pxDRRxBxYwdwcXcOawQ3OhYZY=
-19,0,HUdP1yfVqhTqF1F7cJTqOD6NMrg=,q8pxDRRxBxYwdwcXcOawQ3OhYZY=
-22,1,HUdP1yfVqhTqF1F7cJTqOD6NMrg=,q8pxDRRxBxYwdwcXcOawQ3OhYZY=
-27,11,HUdP1yfVqhTqF1F7cJTqOD6NMrg=,q8pxDRRxBxYwdwcXcOawQ3OhYZY=
-26,3,HUdP1yfVqhTqF1F7cJTqOD6NMrg=,q8pxDRRxBxYwdwcXcOawQ3OhYZY=
-28,11,HUdP1yfVqhTqF1F7cJTqOD6NMrg=,q8pxDRRxBxYwdwcXcOawQ3OhYZY=
-31,11,HUdP1yfVqhTqF1F7cJTqOD6NMrg=,q8pxDRRxBxYwdwcXcOawQ3OhYZY=
-19,10,HUdP1yfVqhTqF1F7cJTqOD6NMrg=,q8pxDRRxBxYwdwcXcOawQ3OhYZY=
-30,11,HUdP1yfVqhTqF1F7cJTqOD6NMrg=,q8pxDRRxBxYwdwcXcOawQ3OhYZY=
-17,10,HUdP1yfVqhTqF1F7cJTqOD6NMrg=,q8pxDRRxBxYwdwcXcOawQ3OhYZY=
-32,11,HUdP1yfVqhTqF1F7cJTqOD6NMrg=,q8pxDRRxBxYwdwcXcOawQ3OhYZY=
-20,10,HUdP1yfVqhTqF1F7cJTqOD6NMrg=,q8pxDRRxBxYwdwcXcOawQ3OhYZY=
-21,10,HUdP1yfVqhTqF1F7cJTqOD6NMrg=,q8pxDRRxBxYwdwcXcOawQ3OhYZY=
-17,3,HUdP1yfVqhTqF1F7cJTqOD6NMrg=,q8pxDRRxBxYwdwcXcOawQ3OhYZY=
-18,10,HUdP1yfVqhTqF1F7cJTqOD6NMrg=,q8pxDRRxBxYwdwcXcOawQ3OhYZY=
-25,10,HUdP1yfVqhTqF1F7cJTqOD6NMrg=,q8pxDRRxBxYwdwcXcOawQ3OhYZY=
-24,10,HUdP1yfVqhTqF1F7cJTqOD6NMrg=,q8pxDRRxBxYwdwcXcOawQ3OhYZY=
-23,10,HUdP1yfVqhTqF1F7cJTqOD6NMrg=,q8pxDRRxBxYwdwcXcOawQ3OhYZY=
-26,10,HUdP1yfVqhTqF1F7cJTqOD6NMrg=,q8pxDRRxBxYwdwcXcOawQ3OhYZY=
-27,10,HUdP1yfVqhTqF1F7cJTqOD6NMrg=,q8pxDRRxBxYwdwcXcOawQ3OhYZY=
-20,0,HUdP1yfVqhTqF1F7cJTqOD6NMrg=,q8pxDRRxBxYwdwcXcOawQ3OhYZY=
-22,10,HUdP1yfVqhTqF1F7cJTqOD6NMrg=,q8pxDRRxBxYwdwcXcOawQ3OhYZY=
-28,10,HUdP1yfVqhTqF1F7cJTqOD6NMrg=,q8pxDRRxBxYwdwcXcOawQ3OhYZY=
-29,10,HUdP1yfVqhTqF1F7cJTqOD6NMrg=,q8pxDRRxBxYwdwcXcOawQ3OhYZY=
-31,10,HUdP1yfVqhTqF1F7cJTqOD6NMrg=,q8pxDRRxBxYwdwcXcOawQ3OhYZY=
-27,3,HUdP1yfVqhTqF1F7cJTqOD6NMrg=,q8pxDRRxBxYwdwcXcOawQ3OhYZY=
-23,1,HUdP1yfVqhTqF1F7cJTqOD6NMrg=,q8pxDRRxBxYwdwcXcOawQ3OhYZY=
-19,9,HUdP1yfVqhTqF1F7cJTqOD6NMrg=,q8pxDRRxBxYwdwcXcOawQ3OhYZY=
-32,10,HUdP1yfVqhTqF1F7cJTqOD6NMrg=,q8pxDRRxBxYwdwcXcOawQ3OhYZY=
-17,9,HUdP1yfVqhTqF1F7cJTqOD6NMrg=,q8pxDRRxBxYwdwcXcOawQ3OhYZY=
-20,9,HUdP1yfVqhTqF1F7cJTqOD6NMrg=,q8pxDRRxBxYwdwcXcOawQ3OhYZY=
-32,4,HUdP1yfVqhTqF1F7cJTqOD6NMrg=,q8pxDRRxBxYwdwcXcOawQ3OhYZY=
-21,9,HUdP1yfVqhTqF1F7cJTqOD6NMrg=,q8pxDRRxBxYwdwcXcOawQ3OhYZY=
-30,10,HUdP1yfVqhTqF1F7cJTqOD6NMrg=,q8pxDRRxBxYwdwcXcOawQ3OhYZY=
-18,9,HUdP1yfVqhTqF1F7cJTqOD6NMrg=,q8pxDRRxBxYwdwcXcOawQ3OhYZY=
-23,9,HUdP1yfVqhTqF1F7cJTqOD6NMrg=,q8pxDRRxBxYwdwcXcOawQ3OhYZY=
-24,9,HUdP1yfVqhTqF1F7cJTqOD6NMrg=,q8pxDRRxBxYwdwcXcOawQ3OhYZY=
-21,0,HUdP1yfVqhTqF1F7cJTqOD6NMrg=,q8pxDRRxBxYwdwcXcOawQ3OhYZY=
-26,9,HUdP1yfVqhTqF1F7cJTqOD6NMrg=,q8pxDRRxBxYwdwcXcOawQ3OhYZY=
-27,9,HUdP1yfVqhTqF1F7cJTqOD6NMrg=,q8pxDRRxBxYwdwcXcOawQ3OhYZY=
-22,9,HUdP1yfVqhTqF1F7cJTqOD6NMrg=,q8pxDRRxBxYwdwcXcOawQ3OhYZY=
-30,9,HUdP1yfVqhTqF1F7cJTqOD6NMrg=,q8pxDRRxBxYwdwcXcOawQ3OhYZY=
-29,9,HUdP1yfVqhTqF1F7cJTqOD6NMrg=,q8pxDRRxBxYwdwcXcOawQ3OhYZY=
-28,9,HUdP1yfVqhTqF1F7cJTqOD6NMrg=,q8pxDRRxBxYwdwcXcOawQ3OhYZY=
-17,8,HUdP1yfVqhTqF1F7cJTqOD6NMrg=,q8pxDRRxBxYwdwcXcOawQ3OhYZY=
-24,1,HUdP1yfVqhTqF1F7cJTqOD6NMrg=,q8pxDRRxBxYwdwcXcOawQ3OhYZY=
-32,9,HUdP1yfVqhTqF1F7cJTqOD6NMrg=,q8pxDRRxBxYwdwcXcOawQ3OhYZY=
-22,8,HUdP1yfVqhTqF1F7cJTqOD6NMrg=,q8pxDRRxBxYwdwcXcOawQ3OhYZY=
-18,8,HUdP1yfVqhTqF1F7cJTqOD6NMrg=,q8pxDRRxBxYwdwcXcOawQ3OhYZY=
-19,8,HUdP1yfVqhTqF1F7cJTqOD6NMrg=,q8pxDRRxBxYwdwcXcOawQ3OhYZY=
-23,8,HUdP1yfVqhTqF1F7cJTqOD6NMrg=,q8pxDRRxBxYwdwcXcOawQ3OhYZY=
-20,8,HUdP1yfVqhTqF1F7cJTqOD6NMrg=,q8pxDRRxBxYwdwcXcOawQ3OhYZY=
-24,8,HUdP1yfVqhTqF1F7cJTqOD6NMrg=,q8pxDRRxBxYwdwcXcOawQ3OhYZY=
-28,3,HUdP1yfVqhTqF1F7cJTqOD6NMrg=,q8pxDRRxBxYwdwcXcOawQ3OhYZY=
-21,8,HUdP1yfVqhTqF1F7cJTqOD6NMrg=,q8pxDRRxBxYwdwcXcOawQ3OhYZY=
-31,9,HUdP1yfVqhTqF1F7cJTqOD6NMrg=,q8pxDRRxBxYwdwcXcOawQ3OhYZY=
-29,3,HUdP1yfVqhTqF1F7cJTqOD6NMrg=,q8pxDRRxBxYwdwcXcOawQ3OhYZY=
-25,9,HUdP1yfVqhTqF1F7cJTqOD6NMrg=,q8pxDRRxBxYwdwcXcOawQ3OhYZY=
-25,8,HUdP1yfVqhTqF1F7cJTqOD6NMrg=,q8pxDRRxBxYwdwcXcOawQ3OhYZY=
-31,8,HUdP1yfVqhTqF1F7cJTqOD6NMrg=,q8pxDRRxBxYwdwcXcOawQ3OhYZY=
-28,8,HUdP1yfVqhTqF1F7cJTqOD6NMrg=,q8pxDRRxBxYwdwcXcOawQ3OhYZY=
-26,8,HUdP1yfVqhTqF1F7cJTqOD6NMrg=,q8pxDRRxBxYwdwcXcOawQ3OhYZY=
-29,8,HUdP1yfVqhTqF1F7cJTqOD6NMrg=,q8pxDRRxBxYwdwcXcOawQ3OhYZY=
-22,0,HUdP1yfVqhTqF1F7cJTqOD6NMrg=,q8pxDRRxBxYwdwcXcOawQ3OhYZY=
-32,8,HUdP1yfVqhTqF1F7cJTqOD6NMrg=,q8pxDRRxBxYwdwcXcOawQ3OhYZY=
-27,8,HUdP1yfVqhTqF1F7cJTqOD6NMrg=,q8pxDRRxBxYwdwcXcOawQ3OhYZY=
-30,8,HUdP1yfVqhTqF1F7cJTqOD6NMrg=,q8pxDRRxBxYwdwcXcOawQ3OhYZY=
-25,1,HUdP1yfVqhTqF1F7cJTqOD6NMrg=,q8pxDRRxBxYwdwcXcOawQ3OhYZY=
-19,7,HUdP1yfVqhTqF1F7cJTqOD6NMrg=,q8pxDRRxBxYwdwcXcOawQ3OhYZY=
-18,7,HUdP1yfVqhTqF1F7cJTqOD6NMrg=,q8pxDRRxBxYwdwcXcOawQ3OhYZY=
-17,7,HUdP1yfVqhTqF1F7cJTqOD6NMrg=,q8pxDRRxBxYwdwcXcOawQ3OhYZY=
-20,7,HUdP1yfVqhTqF1F7cJTqOD6NMrg=,q8pxDRRxBxYwdwcXcOawQ3OhYZY=
-22,7,HUdP1yfVqhTqF1F7cJTqOD6NMrg=,q8pxDRRxBxYwdwcXcOawQ3OhYZY=
-27,0,HUdP1yfVqhTqF1F7cJTqOD6NMrg=,q8pxDRRxBxYwdwcXcOawQ3OhYZY=
-26,7,HUdP1yfVqhTqF1F7cJTqOD6NMrg=,q8pxDRRxBxYwdwcXcOawQ3OhYZY=
-30,3,HUdP1yfVqhTqF1F7cJTqOD6NMrg=,q8pxDRRxBxYwdwcXcOawQ3OhYZY=
-23,0,HUdP1yfVqhTqF1F7cJTqOD6NMrg=,q8pxDRRxBxYwdwcXcOawQ3OhYZY=
-27,7,HUdP1yfVqhTqF1F7cJTqOD6NMrg=,q8pxDRRxBxYwdwcXcOawQ3OhYZY=
-23,7,HUdP1yfVqhTqF1F7cJTqOD6NMrg=,q8pxDRRxBxYwdwcXcOawQ3OhYZY=
-25,7,HUdP1yfVqhTqF1F7cJTqOD6NMrg=,q8pxDRRxBxYwdwcXcOawQ3OhYZY=
-24,7,HUdP1yfVqhTqF1F7cJTqOD6NMrg=,q8pxDRRxBxYwdwcXcOawQ3OhYZY=
-28,7,HUdP1yfVqhTqF1F7cJTqOD6NMrg=,q8pxDRRxBxYwdwcXcOawQ3OhYZY=
-29,7,HUdP1yfVqhTqF1F7cJTqOD6NMrg=,q8pxDRRxBxYwdwcXcOawQ3OhYZY=
-21,7,HUdP1yfVqhTqF1F7cJTqOD6NMrg=,q8pxDRRxBxYwdwcXcOawQ3OhYZY=
-31,7,HUdP1yfVqhTqF1F7cJTqOD6NMrg=,q8pxDRRxBxYwdwcXcOawQ3OhYZY=
-32,7,HUdP1yfVqhTqF1F7cJTqOD6NMrg=,q8pxDRRxBxYwdwcXcOawQ3OhYZY=
-20,6,HUdP1yfVqhTqF1F7cJTqOD6NMrg=,q8pxDRRxBxYwdwcXcOawQ3OhYZY=
-24,0,HUdP1yfVqhTqF1F7cJTqOD6NMrg=,q8pxDRRxBxYwdwcXcOawQ3OhYZY=
-30,7,HUdP1yfVqhTqF1F7cJTqOD6NMrg=,q8pxDRRxBxYwdwcXcOawQ3OhYZY=
-19,6,HUdP1yfVqhTqF1F7cJTqOD6NMrg=,q8pxDRRxBxYwdwcXcOawQ3OhYZY=
-18,6,HUdP1yfVqhTqF1F7cJTqOD6NMrg=,q8pxDRRxBxYwdwcXcOawQ3OhYZY=
-17,6,HUdP1yfVqhTqF1F7cJTqOD6NMrg=,q8pxDRRxBxYwdwcXcOawQ3OhYZY=
-24,6,HUdP1yfVqhTqF1F7cJTqOD6NMrg=,q8pxDRRxBxYwdwcXcOawQ3OhYZY=
-21,6,HUdP1yfVqhTqF1F7cJTqOD6NMrg=,q8pxDRRxBxYwdwcXcOawQ3OhYZY=
-29,6,HUdP1yfVqhTqF1F7cJTqOD6NMrg=,q8pxDRRxBxYwdwcXcOawQ3OhYZY=
-26,1,HUdP1yfVqhTqF1F7cJTqOD6NMrg=,q8pxDRRxBxYwdwcXcOawQ3OhYZY=
-22,6,HUdP1yfVqhTqF1F7cJTqOD6NMrg=,q8pxDRRxBxYwdwcXcOawQ3OhYZY=
-23,6,HUdP1yfVqhTqF1F7cJTqOD6NMrg=,q8pxDRRxBxYwdwcXcOawQ3OhYZY=
-28,6,HUdP1yfVqhTqF1F7cJTqOD6NMrg=,q8pxDRRxBxYwdwcXcOawQ3OhYZY=
-31,3,HUdP1yfVqhTqF1F7cJTqOD6NMrg=,q8pxDRRxBxYwdwcXcOawQ3OhYZY=
-27,6,HUdP1yfVqhTqF1F7cJTqOD6NMrg=,q8pxDRRxBxYwdwcXcOawQ3OhYZY=
-25,6,HUdP1yfVqhTqF1F7cJTqOD6NMrg=,q8pxDRRxBxYwdwcXcOawQ3OhYZY=
-27,1,HUdP1yfVqhTqF1F7cJTqOD6NMrg=,q8pxDRRxBxYwdwcXcOawQ3OhYZY=
-26,6,HUdP1yfVqhTqF1F7cJTqOD6NMrg=,q8pxDRRxBxYwdwcXcOawQ3OhYZY=
-19,5,HUdP1yfVqhTqF1F7cJTqOD6NMrg=,q8pxDRRxBxYwdwcXcOawQ3OhYZY=
-30,6,HUdP1yfVqhTqF1F7cJTqOD6NMrg=,q8pxDRRxBxYwdwcXcOawQ3OhYZY=
-21,5,HUdP1yfVqhTqF1F7cJTqOD6NMrg=,q8pxDRRxBxYwdwcXcOawQ3OhYZY=
-20,5,HUdP1yfVqhTqF1F7cJTqOD6NMrg=,q8pxDRRxBxYwdwcXcOawQ3OhYZY=
-17,5,HUdP1yfVqhTqF1F7cJTqOD6NMrg=,q8pxDRRxBxYwdwcXcOawQ3OhYZY=
-32,6,HUdP1yfVqhTqF1F7cJTqOD6NMrg=,q8pxDRRxBxYwdwcXcOawQ3OhYZY=
-31,6,HUdP1yfVqhTqF1F7cJTqOD6NMrg=,q8pxDRRxBxYwdwcXcOawQ3OhYZY=
-18,5,HUdP1yfVqhTqF1F7cJTqOD6NMrg=,q8pxDRRxBxYwdwcXcOawQ3OhYZY=
-25,0,HUdP1yfVqhTqF1F7cJTqOD6NMrg=,q8pxDRRxBxYwdwcXcOawQ3OhYZY=
-32,3,HUdP1yfVqhTqF1F7cJTqOD6NMrg=,q8pxDRRxBxYwdwcXcOawQ3OhYZY=
-22,5,HUdP1yfVqhTqF1F7cJTqOD6NMrg=,q8pxDRRxBxYwdwcXcOawQ3OhYZY=
-28,1,HUdP1yfVqhTqF1F7cJTqOD6NMrg=,q8pxDRRxBxYwdwcXcOawQ3OhYZY=
-32,0,HUdP1yfVqhTqF1F7cJTqOD6NMrg=,q8pxDRRxBxYwdwcXcOawQ3OhYZY=
-17,4,HUdP1yfVqhTqF1F7cJTqOD6NMrg=,q8pxDRRxBxYwdwcXcOawQ3OhYZY=
-23,5,HUdP1yfVqhTqF1F7cJTqOD6NMrg=,q8pxDRRxBxYwdwcXcOawQ3OhYZY=
-25,5,HUdP1yfVqhTqF1F7cJTqOD6NMrg=,q8pxDRRxBxYwdwcXcOawQ3OhYZY=
-30,1,HUdP1yfVqhTqF1F7cJTqOD6NMrg=,q8pxDRRxBxYwdwcXcOawQ3OhYZY=
-30,5,HUdP1yfVqhTqF1F7cJTqOD6NMrg=,q8pxDRRxBxYwdwcXcOawQ3OhYZY=
-29,5,HUdP1yfVqhTqF1F7cJTqOD6NMrg=,q8pxDRRxBxYwdwcXcOawQ3OhYZY=
-26,5,HUdP1yfVqhTqF1F7cJTqOD6NMrg=,q8pxDRRxBxYwdwcXcOawQ3OhYZY=
-29,1,HUdP1yfVqhTqF1F7cJTqOD6NMrg=,q8pxDRRxBxYwdwcXcOawQ3OhYZY=
-31,5,HUdP1yfVqhTqF1F7cJTqOD6NMrg=,q8pxDRRxBxYwdwcXcOawQ3OhYZY=
-28,5,HUdP1yfVqhTqF1F7cJTqOD6NMrg=,q8pxDRRxBxYwdwcXcOawQ3OhYZY=
-32,5,HUdP1yfVqhTqF1F7cJTqOD6NMrg=,q8pxDRRxBxYwdwcXcOawQ3OhYZY=
-24,5,HUdP1yfVqhTqF1F7cJTqOD6NMrg=,q8pxDRRxBxYwdwcXcOawQ3OhYZY=
-27,5,HUdP1yfVqhTqF1F7cJTqOD6NMrg=,q8pxDRRxBxYwdwcXcOawQ3OhYZY=
-19,4,HUdP1yfVqhTqF1F7cJTqOD6NMrg=,q8pxDRRxBxYwdwcXcOawQ3OhYZY=
-18,4,HUdP1yfVqhTqF1F7cJTqOD6NMrg=,q8pxDRRxBxYwdwcXcOawQ3OhYZY=
-20,4,HUdP1yfVqhTqF1F7cJTqOD6NMrg=,q8pxDRRxBxYwdwcXcOawQ3OhYZY=
-26,0,HUdP1yfVqhTqF1F7cJTqOD6NMrg=,q8pxDRRxBxYwdwcXcOawQ3OhYZY=
-22,4,HUdP1yfVqhTqF1F7cJTqOD6NMrg=,q8pxDRRxBxYwdwcXcOawQ3OhYZY=
-25,4,HUdP1yfVqhTqF1F7cJTqOD6NMrg=,q8pxDRRxBxYwdwcXcOawQ3OhYZY=
-21,4,HUdP1yfVqhTqF1F7cJTqOD6NMrg=,q8pxDRRxBxYwdwcXcOawQ3OhYZY=
-29,4,HUdP1yfVqhTqF1F7cJTqOD6NMrg=,q8pxDRRxBxYwdwcXcOawQ3OhYZY=
-27,4,HUdP1yfVqhTqF1F7cJTqOD6NMrg=,q8pxDRRxBxYwdwcXcOawQ3OhYZY=
-24,4,HUdP1yfVqhTqF1F7cJTqOD6NMrg=,q8pxDRRxBxYwdwcXcOawQ3OhYZY=
-17,2,HUdP1yfVqhTqF1F7cJTqOD6NMrg=,q8pxDRRxBxYwdwcXcOawQ3OhYZY=
-23,4,HUdP1yfVqhTqF1F7cJTqOD6NMrg=,q8pxDRRxBxYwdwcXcOawQ3OhYZY=
-26,4,HUdP1yfVqhTqF1F7cJTqOD6NMrg=,q8pxDRRxBxYwdwcXcOawQ3OhYZY=
-31,4,HUdP1yfVqhTqF1F7cJTqOD6NMrg=,q8pxDRRxBxYwdwcXcOawQ3OhYZY=
-30,4,HUdP1yfVqhTqF1F7cJTqOD6NMrg=,q8pxDRRxBxYwdwcXcOawQ3OhYZY=
-28,4,HUdP1yfVqhTqF1F7cJTqOD6NMrg=,q8pxDRRxBxYwdwcXcOawQ3OhYZY=
-26,31,pW+yU+wvF+Gb/nmGeZbgkvVstbA=,iPHsMR0ZorgaCTvHPjgEL46B2rE=
-27,31,pW+yU+wvF+Gb/nmGeZbgkvVstbA=,iPHsMR0ZorgaCTvHPjgEL46B2rE=
-31,31,pW+yU+wvF+Gb/nmGeZbgkvVstbA=,iPHsMR0ZorgaCTvHPjgEL46B2rE=
-26,17,pW+yU+wvF+Gb/nmGeZbgkvVstbA=,iPHsMR0ZorgaCTvHPjgEL46B2rE=
-17,17,pW+yU+wvF+Gb/nmGeZbgkvVstbA=,iPHsMR0ZorgaCTvHPjgEL46B2rE=
-20,31,pW+yU+wvF+Gb/nmGeZbgkvVstbA=,iPHsMR0ZorgaCTvHPjgEL46B2rE=
-18,31,pW+yU+wvF+Gb/nmGeZbgkvVstbA=,iPHsMR0ZorgaCTvHPjgEL46B2rE=
-28,31,pW+yU+wvF+Gb/nmGeZbgkvVstbA=,iPHsMR0ZorgaCTvHPjgEL46B2rE=
-23,31,pW+yU+wvF+Gb/nmGeZbgkvVstbA=,iPHsMR0ZorgaCTvHPjgEL46B2rE=
-24,17,x8PfHkb+Mw4+E5NXu6Xqf1nklP4=,iPHsMR0ZorgaCTvHPjgEL46B2rE=
-29,31,x8PfHkb+Mw4+E5NXu6Xqf1nklP4=,iPHsMR0ZorgaCTvHPjgEL46B2rE=
-28,17,x8PfHkb+Mw4+E5NXu6Xqf1nklP4=,iPHsMR0ZorgaCTvHPjgEL46B2rE=
-21,31,x8PfHkb+Mw4+E5NXu6Xqf1nklP4=,iPHsMR0ZorgaCTvHPjgEL46B2rE=
-21,17,x8PfHkb+Mw4+E5NXu6Xqf1nklP4=,iPHsMR0ZorgaCTvHPjgEL46B2rE=
-18,18,x8PfHkb+Mw4+E5NXu6Xqf1nklP4=,iPHsMR0ZorgaCTvHPjgEL46B2rE=
-17,31,x8PfHkb+Mw4+E5NXu6Xqf1nklP4=,iPHsMR0ZorgaCTvHPjgEL46B2rE=
-30,16,x8PfHkb+Mw4+E5NXu6Xqf1nklP4=,iPHsMR0ZorgaCTvHPjgEL46B2rE=
-19,31,x8PfHkb+Mw4+E5NXu6Xqf1nklP4=,iPHsMR0ZorgaCTvHPjgEL46B2rE=
-30,31,x8PfHkb+Mw4+E5NXu6Xqf1nklP4=,iPHsMR0ZorgaCTvHPjgEL46B2rE=
-25,17,x8PfHkb+Mw4+E5NXu6Xqf1nklP4=,iPHsMR0ZorgaCTvHPjgEL46B2rE=
-32,31,x8PfHkb+Mw4+E5NXu6Xqf1nklP4=,iPHsMR0ZorgaCTvHPjgEL46B2rE=
-19,18,x8PfHkb+Mw4+E5NXu6Xqf1nklP4=,iPHsMR0ZorgaCTvHPjgEL46B2rE=
-25,31,x8PfHkb+Mw4+E5NXu6Xqf1nklP4=,iPHsMR0ZorgaCTvHPjgEL46B2rE=
-18,17,x8PfHkb+Mw4+E5NXu6Xqf1nklP4=,iPHsMR0ZorgaCTvHPjgEL46B2rE=
-22,31,x8PfHkb+Mw4+E5NXu6Xqf1nklP4=,iPHsMR0ZorgaCTvHPjgEL46B2rE=
-20,17,x8PfHkb+Mw4+E5NXu6Xqf1nklP4=,iPHsMR0ZorgaCTvHPjgEL46B2rE=
-27,17,x8PfHkb+Mw4+E5NXu6Xqf1nklP4=,iPHsMR0ZorgaCTvHPjgEL46B2rE=
-22,17,x8PfHkb+Mw4+E5NXu6Xqf1nklP4=,iPHsMR0ZorgaCTvHPjgEL46B2rE=
-23,17,x8PfHkb+Mw4+E5NXu6Xqf1nklP4=,iPHsMR0ZorgaCTvHPjgEL46B2rE=
-24,31,x8PfHkb+Mw4+E5NXu6Xqf1nklP4=,iPHsMR0ZorgaCTvHPjgEL46B2rE=
-30,17,x8PfHkb+Mw4+E5NXu6Xqf1nklP4=,iPHsMR0ZorgaCTvHPjgEL46B2rE=
-17,30,x8PfHkb+Mw4+E5NXu6Xqf1nklP4=,iPHsMR0ZorgaCTvHPjgEL46B2rE=
-29,16,x8PfHkb+Mw4+E5NXu6Xqf1nklP4=,iPHsMR0ZorgaCTvHPjgEL46B2rE=
-19,17,x8PfHkb+Mw4+E5NXu6Xqf1nklP4=,iPHsMR0ZorgaCTvHPjgEL46B2rE=
-29,17,x8PfHkb+Mw4+E5NXu6Xqf1nklP4=,iPHsMR0ZorgaCTvHPjgEL46B2rE=
-31,17,x8PfHkb+Mw4+E5NXu6Xqf1nklP4=,iPHsMR0ZorgaCTvHPjgEL46B2rE=
-20,18,x8PfHkb+Mw4+E5NXu6Xqf1nklP4=,iPHsMR0ZorgaCTvHPjgEL46B2rE=
-18,30,x8PfHkb+Mw4+E5NXu6Xqf1nklP4=,iPHsMR0ZorgaCTvHPjgEL46B2rE=
-22,30,x8PfHkb+Mw4+E5NXu6Xqf1nklP4=,iPHsMR0ZorgaCTvHPjgEL46B2rE=
-19,30,x8PfHkb+Mw4+E5NXu6Xqf1nklP4=,iPHsMR0ZorgaCTvHPjgEL46B2rE=
-30,30,x8PfHkb+Mw4+E5NXu6Xqf1nklP4=,iPHsMR0ZorgaCTvHPjgEL46B2rE=
-31,30,x8PfHkb+Mw4+E5NXu6Xqf1nklP4=,iPHsMR0ZorgaCTvHPjgEL46B2rE=
-25,30,x8PfHkb+Mw4+E5NXu6Xqf1nklP4=,iPHsMR0ZorgaCTvHPjgEL46B2rE=
-26,30,x8PfHkb+Mw4+E5NXu6Xqf1nklP4=,iPHsMR0ZorgaCTvHPjgEL46B2rE=
-28,30,x8PfHkb+Mw4+E5NXu6Xqf1nklP4=,iPHsMR0ZorgaCTvHPjgEL46B2rE=
-27,30,x8PfHkb+Mw4+E5NXu6Xqf1nklP4=,iPHsMR0ZorgaCTvHPjgEL46B2rE=
-23,30,x8PfHkb+Mw4+E5NXu6Xqf1nklP4=,iPHsMR0ZorgaCTvHPjgEL46B2rE=
-24,30,x8PfHkb+Mw4+E5NXu6Xqf1nklP4=,iPHsMR0ZorgaCTvHPjgEL46B2rE=
-17,18,x8PfHkb+Mw4+E5NXu6Xqf1nklP4=,iPHsMR0ZorgaCTvHPjgEL46B2rE=
-29,30,x8PfHkb+Mw4+E5NXu6Xqf1nklP4=,iPHsMR0ZorgaCTvHPjgEL46B2rE=
-20,30,x8PfHkb+Mw4+E5NXu6Xqf1nklP4=,iPHsMR0ZorgaCTvHPjgEL46B2rE=
-17,29,x8PfHkb+Mw4+E5NXu6Xqf1nklP4=,iPHsMR0ZorgaCTvHPjgEL46B2rE=
-21,30,x8PfHkb+Mw4+E5NXu6Xqf1nklP4=,iPHsMR0ZorgaCTvHPjgEL46B2rE=
-32,17,x8PfHkb+Mw4+E5NXu6Xqf1nklP4=,iPHsMR0ZorgaCTvHPjgEL46B2rE=
-18,29,x8PfHkb+Mw4+E5NXu6Xqf1nklP4=,iPHsMR0ZorgaCTvHPjgEL46B2rE=
-21,18,x8PfHkb+Mw4+E5NXu6Xqf1nklP4=,iPHsMR0ZorgaCTvHPjgEL46B2rE=
-17,16,x8PfHkb+Mw4+E5NXu6Xqf1nklP4=,iPHsMR0ZorgaCTvHPjgEL46B2rE=
-19,29,x8PfHkb+Mw4+E5NXu6Xqf1nklP4=,iPHsMR0ZorgaCTvHPjgEL46B2rE=
-23,29,x8PfHkb+Mw4+E5NXu6Xqf1nklP4=,iPHsMR0ZorgaCTvHPjgEL46B2rE=
-32,30,x8PfHkb+Mw4+E5NXu6Xqf1nklP4=,iPHsMR0ZorgaCTvHPjgEL46B2rE=
-26,29,x8PfHkb+Mw4+E5NXu6Xqf1nklP4=,iPHsMR0ZorgaCTvHPjgEL46B2rE=
-22,29,x8PfHkb+Mw4+E5NXu6Xqf1nklP4=,iPHsMR0ZorgaCTvHPjgEL46B2rE=
-31,29,x8PfHkb+Mw4+E5NXu6Xqf1nklP4=,iPHsMR0ZorgaCTvHPjgEL46B2rE=
-30,29,x8PfHkb+Mw4+E5NXu6Xqf1nklP4=,iPHsMR0ZorgaCTvHPjgEL46B2rE=
-21,29,x8PfHkb+Mw4+E5NXu6Xqf1nklP4=,iPHsMR0ZorgaCTvHPjgEL46B2rE=
-27,29,x8PfHkb+Mw4+E5NXu6Xqf1nklP4=,iPHsMR0ZorgaCTvHPjgEL46B2rE=
-25,29,x8PfHkb+Mw4+E5NXu6Xqf1nklP4=,iPHsMR0ZorgaCTvHPjgEL46B2rE=
-29,29,x8PfHkb+Mw4+E5NXu6Xqf1nklP4=,iPHsMR0ZorgaCTvHPjgEL46B2rE=
-32,29,x8PfHkb+Mw4+E5NXu6Xqf1nklP4=,iPHsMR0ZorgaCTvHPjgEL46B2rE=
-24,29,x8PfHkb+Mw4+E5NXu6Xqf1nklP4=,iPHsMR0ZorgaCTvHPjgEL46B2rE=
-20,29,x8PfHkb+Mw4+E5NXu6Xqf1nklP4=,iPHsMR0ZorgaCTvHPjgEL46B2rE=
-31,16,x8PfHkb+Mw4+E5NXu6Xqf1nklP4=,iPHsMR0ZorgaCTvHPjgEL46B2rE=
-28,29,x8PfHkb+Mw4+E5NXu6Xqf1nklP4=,iPHsMR0ZorgaCTvHPjgEL46B2rE=
-17,28,x8PfHkb+Mw4+E5NXu6Xqf1nklP4=,iPHsMR0ZorgaCTvHPjgEL46B2rE=
-21,28,x8PfHkb+Mw4+E5NXu6Xqf1nklP4=,iPHsMR0ZorgaCTvHPjgEL46B2rE=
-32,19,x8PfHkb+Mw4+E5NXu6Xqf1nklP4=,iPHsMR0ZorgaCTvHPjgEL46B2rE=
-18,28,x8PfHkb+Mw4+E5NXu6Xqf1nklP4=,iPHsMR0ZorgaCTvHPjgEL46B2rE=
-22,18,x8PfHkb+Mw4+E5NXu6Xqf1nklP4=,iPHsMR0ZorgaCTvHPjgEL46B2rE=
-18,16,x8PfHkb+Mw4+E5NXu6Xqf1nklP4=,iPHsMR0ZorgaCTvHPjgEL46B2rE=
-23,28,x8PfHkb+Mw4+E5NXu6Xqf1nklP4=,iPHsMR0ZorgaCTvHPjgEL46B2rE=
-22,28,x8PfHkb+Mw4+E5NXu6Xqf1nklP4=,iPHsMR0ZorgaCTvHPjgEL46B2rE=
-28,28,x8PfHkb+Mw4+E5NXu6Xqf1nklP4=,iPHsMR0ZorgaCTvHPjgEL46B2rE=
-29,28,x8PfHkb+Mw4+E5NXu6Xqf1nklP4=,iPHsMR0ZorgaCTvHPjgEL46B2rE=
-20,28,x8PfHkb+Mw4+E5NXu6Xqf1nklP4=,iPHsMR0ZorgaCTvHPjgEL46B2rE=
-26,28,x8PfHkb+Mw4+E5NXu6Xqf1nklP4=,iPHsMR0ZorgaCTvHPjgEL46B2rE=
-27,28,x8PfHkb+Mw4+E5NXu6Xqf1nklP4=,iPHsMR0ZorgaCTvHPjgEL46B2rE=
-25,28,x8PfHkb+Mw4+E5NXu6Xqf1nklP4=,iPHsMR0ZorgaCTvHPjgEL46B2rE=
-31,28,x8PfHkb+Mw4+E5NXu6Xqf1nklP4=,iPHsMR0ZorgaCTvHPjgEL46B2rE=
-24,28,x8PfHkb+Mw4+E5NXu6Xqf1nklP4=,iPHsMR0ZorgaCTvHPjgEL46B2rE=
-32,28,x8PfHkb+Mw4+E5NXu6Xqf1nklP4=,iPHsMR0ZorgaCTvHPjgEL46B2rE=
-19,28,x8PfHkb+Mw4+E5NXu6Xqf1nklP4=,iPHsMR0ZorgaCTvHPjgEL46B2rE=
-20,27,x8PfHkb+Mw4+E5NXu6Xqf1nklP4=,iPHsMR0ZorgaCTvHPjgEL46B2rE=
-30,28,x8PfHkb+Mw4+E5NXu6Xqf1nklP4=,iPHsMR0ZorgaCTvHPjgEL46B2rE=
-31,19,x8PfHkb+Mw4+E5NXu6Xqf1nklP4=,iPHsMR0ZorgaCTvHPjgEL46B2rE=
-30,27,x8PfHkb+Mw4+E5NXu6Xqf1nklP4=,iPHsMR0ZorgaCTvHPjgEL46B2rE=
-20,26,x8PfHkb+Mw4+E5NXu6Xqf1nklP4=,iPHsMR0ZorgaCTvHPjgEL46B2rE=
-19,26,x8PfHkb+Mw4+E5NXu6Xqf1nklP4=,iPHsMR0ZorgaCTvHPjgEL46B2rE=
-17,27,x8PfHkb+Mw4+E5NXu6Xqf1nklP4=,iPHsMR0ZorgaCTvHPjgEL46B2rE=
-25,26,x8PfHkb+Mw4+E5NXu6Xqf1nklP4=,iPHsMR0ZorgaCTvHPjgEL46B2rE=
-27,26,x8PfHkb+Mw4+E5NXu6Xqf1nklP4=,iPHsMR0ZorgaCTvHPjgEL46B2rE=
-27,27,x8PfHkb+Mw4+E5NXu6Xqf1nklP4=,iPHsMR0ZorgaCTvHPjgEL46B2rE=
-19,16,x8PfHkb+Mw4+E5NXu6Xqf1nklP4=,iPHsMR0ZorgaCTvHPjgEL46B2rE=
-31,27,x8PfHkb+Mw4+E5NXu6Xqf1nklP4=,iPHsMR0ZorgaCTvHPjgEL46B2rE=
-28,27,x8PfHkb+Mw4+E5NXu6Xqf1nklP4=,iPHsMR0ZorgaCTvHPjgEL46B2rE=
-25,27,x8PfHkb+Mw4+E5NXu6Xqf1nklP4=,iPHsMR0ZorgaCTvHPjgEL46B2rE=
-26,27,x8PfHkb+Mw4+E5NXu6Xqf1nklP4=,iPHsMR0ZorgaCTvHPjgEL46B2rE=
-17,26,x8PfHkb+Mw4+E5NXu6Xqf1nklP4=,iPHsMR0ZorgaCTvHPjgEL46B2rE=
-32,27,x8PfHkb+Mw4+E5NXu6Xqf1nklP4=,iPHsMR0ZorgaCTvHPjgEL46B2rE=
-23,27,x8PfHkb+Mw4+E5NXu6Xqf1nklP4=,iPHsMR0ZorgaCTvHPjgEL46B2rE=
-21,26,x8PfHkb+Mw4+E5NXu6Xqf1nklP4=,iPHsMR0ZorgaCTvHPjgEL46B2rE=
-24,27,x8PfHkb+Mw4+E5NXu6Xqf1nklP4=,iPHsMR0ZorgaCTvHPjgEL46B2rE=
-24,18,x8PfHkb+Mw4+E5NXu6Xqf1nklP4=,iPHsMR0ZorgaCTvHPjgEL46B2rE=
-22,27,x8PfHkb+Mw4+E5NXu6Xqf1nklP4=,iPHsMR0ZorgaCTvHPjgEL46B2rE=
-29,27,x8PfHkb+Mw4+E5NXu6Xqf1nklP4=,iPHsMR0ZorgaCTvHPjgEL46B2rE=
-21,27,x8PfHkb+Mw4+E5NXu6Xqf1nklP4=,iPHsMR0ZorgaCTvHPjgEL46B2rE=
-18,27,x8PfHkb+Mw4+E5NXu6Xqf1nklP4=,iPHsMR0ZorgaCTvHPjgEL46B2rE=
-19,27,x8PfHkb+Mw4+E5NXu6Xqf1nklP4=,iPHsMR0ZorgaCTvHPjgEL46B2rE=
-24,26,x8PfHkb+Mw4+E5NXu6Xqf1nklP4=,iPHsMR0ZorgaCTvHPjgEL46B2rE=
-20,16,x8PfHkb+Mw4+E5NXu6Xqf1nklP4=,iPHsMR0ZorgaCTvHPjgEL46B2rE=
-23,26,x8PfHkb+Mw4+E5NXu6Xqf1nklP4=,iPHsMR0ZorgaCTvHPjgEL46B2rE=
-26,26,x8PfHkb+Mw4+E5NXu6Xqf1nklP4=,iPHsMR0ZorgaCTvHPjgEL46B2rE=
-29,26,x8PfHkb+Mw4+E5NXu6Xqf1nklP4=,iPHsMR0ZorgaCTvHPjgEL46B2rE=
-22,26,x8PfHkb+Mw4+E5NXu6Xqf1nklP4=,iPHsMR0ZorgaCTvHPjgEL46B2rE=
-23,18,x8PfHkb+Mw4+E5NXu6Xqf1nklP4=,iPHsMR0ZorgaCTvHPjgEL46B2rE=
-30,26,x8PfHkb+Mw4+E5NXu6Xqf1nklP4=,iPHsMR0ZorgaCTvHPjgEL46B2rE=
-28,26,x8PfHkb+Mw4+E5NXu6Xqf1nklP4=,iPHsMR0ZorgaCTvHPjgEL46B2rE=
-18,24,x8PfHkb+Mw4+E5NXu6Xqf1nklP4=,iPHsMR0ZorgaCTvHPjgEL46B2rE=
-32,25,x8PfHkb+Mw4+E5NXu6Xqf1nklP4=,iPHsMR0ZorgaCTvHPjgEL46B2rE=
-25,18,x8PfHkb+Mw4+E5NXu6Xqf1nklP4=,iPHsMR0ZorgaCTvHPjgEL46B2rE=
-17,24,x8PfHkb+Mw4+E5NXu6Xqf1nklP4=,iPHsMR0ZorgaCTvHPjgEL46B2rE=
-18,26,x8PfHkb+Mw4+E5NXu6Xqf1nklP4=,iPHsMR0ZorgaCTvHPjgEL46B2rE=
-17,25,x8PfHkb+Mw4+E5NXu6Xqf1nklP4=,iPHsMR0ZorgaCTvHPjgEL46B2rE=
-31,26,x8PfHkb+Mw4+E5NXu6Xqf1nklP4=,iPHsMR0ZorgaCTvHPjgEL46B2rE=
-18,25,x8PfHkb+Mw4+E5NXu6Xqf1nklP4=,iPHsMR0ZorgaCTvHPjgEL46B2rE=
-32,26,x8PfHkb+Mw4+E5NXu6Xqf1nklP4=,iPHsMR0ZorgaCTvHPjgEL46B2rE=
-19,25,x8PfHkb+Mw4+E5NXu6Xqf1nklP4=,iPHsMR0ZorgaCTvHPjgEL46B2rE=
-30,25,x8PfHkb+Mw4+E5NXu6Xqf1nklP4=,iPHsMR0ZorgaCTvHPjgEL46B2rE=
-27,25,x8PfHkb+Mw4+E5NXu6Xqf1nklP4=,iPHsMR0ZorgaCTvHPjgEL46B2rE=
-28,25,x8PfHkb+Mw4+E5NXu6Xqf1nklP4=,iPHsMR0ZorgaCTvHPjgEL46B2rE=
-25,25,x8PfHkb+Mw4+E5NXu6Xqf1nklP4=,iPHsMR0ZorgaCTvHPjgEL46B2rE=
-21,16,x8PfHkb+Mw4+E5NXu6Xqf1nklP4=,iPHsMR0ZorgaCTvHPjgEL46B2rE=
-26,25,x8PfHkb+Mw4+E5NXu6Xqf1nklP4=,iPHsMR0ZorgaCTvHPjgEL46B2rE=
-31,25,x8PfHkb+Mw4+E5NXu6Xqf1nklP4=,iPHsMR0ZorgaCTvHPjgEL46B2rE=
-29,25,x8PfHkb+Mw4+E5NXu6Xqf1nklP4=,iPHsMR0ZorgaCTvHPjgEL46B2rE=
-30,19,x8PfHkb+Mw4+E5NXu6Xqf1nklP4=,iPHsMR0ZorgaCTvHPjgEL46B2rE=
-22,25,x8PfHkb+Mw4+E5NXu6Xqf1nklP4=,iPHsMR0ZorgaCTvHPjgEL46B2rE=
-20,25,x8PfHkb+Mw4+E5NXu6Xqf1nklP4=,iPHsMR0ZorgaCTvHPjgEL46B2rE=
-21,25,x8PfHkb+Mw4+E5NXu6Xqf1nklP4=,iPHsMR0ZorgaCTvHPjgEL46B2rE=
-20,24,x8PfHkb+Mw4+E5NXu6Xqf1nklP4=,iPHsMR0ZorgaCTvHPjgEL46B2rE=
-22,16,x8PfHkb+Mw4+E5NXu6Xqf1nklP4=,iPHsMR0ZorgaCTvHPjgEL46B2rE=
-24,24,x8PfHkb+Mw4+E5NXu6Xqf1nklP4=,iPHsMR0ZorgaCTvHPjgEL46B2rE=
-23,25,x8PfHkb+Mw4+E5NXu6Xqf1nklP4=,iPHsMR0ZorgaCTvHPjgEL46B2rE=
-19,24,x8PfHkb+Mw4+E5NXu6Xqf1nklP4=,iPHsMR0ZorgaCTvHPjgEL46B2rE=
-26,18,x8PfHkb+Mw4+E5NXu6Xqf1nklP4=,iPHsMR0ZorgaCTvHPjgEL46B2rE=
-22,24,x8PfHkb+Mw4+E5NXu6Xqf1nklP4=,iPHsMR0ZorgaCTvHPjgEL46B2rE=
-21,24,x8PfHkb+Mw4+E5NXu6Xqf1nklP4=,iPHsMR0ZorgaCTvHPjgEL46B2rE=
-29,24,x8PfHkb+Mw4+E5NXu6Xqf1nklP4=,iPHsMR0ZorgaCTvHPjgEL46B2rE=
-23,24,x8PfHkb+Mw4+E5NXu6Xqf1nklP4=,iPHsMR0ZorgaCTvHPjgEL46B2rE=
-24,25,x8PfHkb+Mw4+E5NXu6Xqf1nklP4=,iPHsMR0ZorgaCTvHPjgEL46B2rE=
-25,24,x8PfHkb+Mw4+E5NXu6Xqf1nklP4=,iPHsMR0ZorgaCTvHPjgEL46B2rE=
-20,23,x8PfHkb+Mw4+E5NXu6Xqf1nklP4=,iPHsMR0ZorgaCTvHPjgEL46B2rE=
-27,24,x8PfHkb+Mw4+E5NXu6Xqf1nklP4=,iPHsMR0ZorgaCTvHPjgEL46B2rE=
-30,24,x8PfHkb+Mw4+E5NXu6Xqf1nklP4=,iPHsMR0ZorgaCTvHPjgEL46B2rE=
-22,23,x8PfHkb+Mw4+E5NXu6Xqf1nklP4=,iPHsMR0ZorgaCTvHPjgEL46B2rE=
-32,24,x8PfHkb+Mw4+E5NXu6Xqf1nklP4=,iPHsMR0ZorgaCTvHPjgEL46B2rE=
-30,23,x8PfHkb+Mw4+E5NXu6Xqf1nklP4=,iPHsMR0ZorgaCTvHPjgEL46B2rE=
-31,24,x8PfHkb+Mw4+E5NXu6Xqf1nklP4=,iPHsMR0ZorgaCTvHPjgEL46B2rE=
-17,23,x8PfHkb+Mw4+E5NXu6Xqf1nklP4=,iPHsMR0ZorgaCTvHPjgEL46B2rE=
-28,24,x8PfHkb+Mw4+E5NXu6Xqf1nklP4=,iPHsMR0ZorgaCTvHPjgEL46B2rE=
-19,23,x8PfHkb+Mw4+E5NXu6Xqf1nklP4=,iPHsMR0ZorgaCTvHPjgEL46B2rE=
-26,24,x8PfHkb+Mw4+E5NXu6Xqf1nklP4=,iPHsMR0ZorgaCTvHPjgEL46B2rE=
-31,23,x8PfHkb+Mw4+E5NXu6Xqf1nklP4=,iPHsMR0ZorgaCTvHPjgEL46B2rE=
-23,16,x8PfHkb+Mw4+E5NXu6Xqf1nklP4=,iPHsMR0ZorgaCTvHPjgEL46B2rE=
-24,23,x8PfHkb+Mw4+E5NXu6Xqf1nklP4=,iPHsMR0ZorgaCTvHPjgEL46B2rE=
-19,22,x8PfHkb+Mw4+E5NXu6Xqf1nklP4=,iPHsMR0ZorgaCTvHPjgEL46B2rE=
-28,23,x8PfHkb+Mw4+E5NXu6Xqf1nklP4=,iPHsMR0ZorgaCTvHPjgEL46B2rE=
-23,23,x8PfHkb+Mw4+E5NXu6Xqf1nklP4=,iPHsMR0ZorgaCTvHPjgEL46B2rE=
-18,23,x8PfHkb+Mw4+E5NXu6Xqf1nklP4=,iPHsMR0ZorgaCTvHPjgEL46B2rE=
-27,23,x8PfHkb+Mw4+E5NXu6Xqf1nklP4=,iPHsMR0ZorgaCTvHPjgEL46B2rE=
-26,23,x8PfHkb+Mw4+E5NXu6Xqf1nklP4=,iPHsMR0ZorgaCTvHPjgEL46B2rE=
-25,23,x8PfHkb+Mw4+E5NXu6Xqf1nklP4=,iPHsMR0ZorgaCTvHPjgEL46B2rE=
-20,22,x8PfHkb+Mw4+E5NXu6Xqf1nklP4=,iPHsMR0ZorgaCTvHPjgEL46B2rE=
-18,22,x8PfHkb+Mw4+E5NXu6Xqf1nklP4=,iPHsMR0ZorgaCTvHPjgEL46B2rE=
-21,23,x8PfHkb+Mw4+E5NXu6Xqf1nklP4=,iPHsMR0ZorgaCTvHPjgEL46B2rE=
-27,18,x8PfHkb+Mw4+E5NXu6Xqf1nklP4=,iPHsMR0ZorgaCTvHPjgEL46B2rE=
-29,23,x8PfHkb+Mw4+E5NXu6Xqf1nklP4=,iPHsMR0ZorgaCTvHPjgEL46B2rE=
-23,22,x8PfHkb+Mw4+E5NXu6Xqf1nklP4=,iPHsMR0ZorgaCTvHPjgEL46B2rE=
-32,23,x8PfHkb+Mw4+E5NXu6Xqf1nklP4=,iPHsMR0ZorgaCTvHPjgEL46B2rE=
-31,22,x8PfHkb+Mw4+E5NXu6Xqf1nklP4=,iPHsMR0ZorgaCTvHPjgEL46B2rE=
-24,22,x8PfHkb+Mw4+E5NXu6Xqf1nklP4=,iPHsMR0ZorgaCTvHPjgEL46B2rE=
-28,18,x8PfHkb+Mw4+E5NXu6Xqf1nklP4=,iPHsMR0ZorgaCTvHPjgEL46B2rE=
-25,22,x8PfHkb+Mw4+E5NXu6Xqf1nklP4=,iPHsMR0ZorgaCTvHPjgEL46B2rE=
-22,22,x8PfHkb+Mw4+E5NXu6Xqf1nklP4=,iPHsMR0ZorgaCTvHPjgEL46B2rE=
-26,22,x8PfHkb+Mw4+E5NXu6Xqf1nklP4=,iPHsMR0ZorgaCTvHPjgEL46B2rE=
-32,22,x8PfHkb+Mw4+E5NXu6Xqf1nklP4=,iPHsMR0ZorgaCTvHPjgEL46B2rE=
-17,22,x8PfHkb+Mw4+E5NXu6Xqf1nklP4=,iPHsMR0ZorgaCTvHPjgEL46B2rE=
-29,22,x8PfHkb+Mw4+E5NXu6Xqf1nklP4=,iPHsMR0ZorgaCTvHPjgEL46B2rE=
-23,21,x8PfHkb+Mw4+E5NXu6Xqf1nklP4=,iPHsMR0ZorgaCTvHPjgEL46B2rE=
-25,21,x8PfHkb+Mw4+E5NXu6Xqf1nklP4=,iPHsMR0ZorgaCTvHPjgEL46B2rE=
-24,16,x8PfHkb+Mw4+E5NXu6Xqf1nklP4=,iPHsMR0ZorgaCTvHPjgEL46B2rE=
-24,21,x8PfHkb+Mw4+E5NXu6Xqf1nklP4=,iPHsMR0ZorgaCTvHPjgEL46B2rE=
-26,21,x8PfHkb+Mw4+E5NXu6Xqf1nklP4=,iPHsMR0ZorgaCTvHPjgEL46B2rE=
-29,18,x8PfHkb+Mw4+E5NXu6Xqf1nklP4=,iPHsMR0ZorgaCTvHPjgEL46B2rE=
-18,21,x8PfHkb+Mw4+E5NXu6Xqf1nklP4=,iPHsMR0ZorgaCTvHPjgEL46B2rE=
-27,22,x8PfHkb+Mw4+E5NXu6Xqf1nklP4=,iPHsMR0ZorgaCTvHPjgEL46B2rE=
-29,19,x8PfHkb+Mw4+E5NXu6Xqf1nklP4=,iPHsMR0ZorgaCTvHPjgEL46B2rE=
-21,22,x8PfHkb+Mw4+E5NXu6Xqf1nklP4=,iPHsMR0ZorgaCTvHPjgEL46B2rE=
-25,16,x8PfHkb+Mw4+E5NXu6Xqf1nklP4=,iPHsMR0ZorgaCTvHPjgEL46B2rE=
-17,21,x8PfHkb+Mw4+E5NXu6Xqf1nklP4=,iPHsMR0ZorgaCTvHPjgEL46B2rE=
-21,21,x8PfHkb+Mw4+E5NXu6Xqf1nklP4=,iPHsMR0ZorgaCTvHPjgEL46B2rE=
-30,21,x8PfHkb+Mw4+E5NXu6Xqf1nklP4=,iPHsMR0ZorgaCTvHPjgEL46B2rE=
-20,21,x8PfHkb+Mw4+E5NXu6Xqf1nklP4=,iPHsMR0ZorgaCTvHPjgEL46B2rE=
-30,22,x8PfHkb+Mw4+E5NXu6Xqf1nklP4=,iPHsMR0ZorgaCTvHPjgEL46B2rE=
-28,22,x8PfHkb+Mw4+E5NXu6Xqf1nklP4=,iPHsMR0ZorgaCTvHPjgEL46B2rE=
-31,21,x8PfHkb+Mw4+E5NXu6Xqf1nklP4=,iPHsMR0ZorgaCTvHPjgEL46B2rE=
-26,16,x8PfHkb+Mw4+E5NXu6Xqf1nklP4=,iPHsMR0ZorgaCTvHPjgEL46B2rE=
-19,20,x8PfHkb+Mw4+E5NXu6Xqf1nklP4=,iPHsMR0ZorgaCTvHPjgEL46B2rE=
-22,21,x8PfHkb+Mw4+E5NXu6Xqf1nklP4=,iPHsMR0ZorgaCTvHPjgEL46B2rE=
-19,21,x8PfHkb+Mw4+E5NXu6Xqf1nklP4=,iPHsMR0ZorgaCTvHPjgEL46B2rE=
-18,20,x8PfHkb+Mw4+E5NXu6Xqf1nklP4=,iPHsMR0ZorgaCTvHPjgEL46B2rE=
-29,21,x8PfHkb+Mw4+E5NXu6Xqf1nklP4=,iPHsMR0ZorgaCTvHPjgEL46B2rE=
-32,21,x8PfHkb+Mw4+E5NXu6Xqf1nklP4=,iPHsMR0ZorgaCTvHPjgEL46B2rE=
-27,21,x8PfHkb+Mw4+E5NXu6Xqf1nklP4=,iPHsMR0ZorgaCTvHPjgEL46B2rE=
-29,20,x8PfHkb+Mw4+E5NXu6Xqf1nklP4=,iPHsMR0ZorgaCTvHPjgEL46B2rE=
-17,20,x8PfHkb+Mw4+E5NXu6Xqf1nklP4=,iPHsMR0ZorgaCTvHPjgEL46B2rE=
-25,20,x8PfHkb+Mw4+E5NXu6Xqf1nklP4=,iPHsMR0ZorgaCTvHPjgEL46B2rE=
-27,20,x8PfHkb+Mw4+E5NXu6Xqf1nklP4=,iPHsMR0ZorgaCTvHPjgEL46B2rE=
-20,20,x8PfHkb+Mw4+E5NXu6Xqf1nklP4=,iPHsMR0ZorgaCTvHPjgEL46B2rE=
-32,16,x8PfHkb+Mw4+E5NXu6Xqf1nklP4=,iPHsMR0ZorgaCTvHPjgEL46B2rE=
-28,21,x8PfHkb+Mw4+E5NXu6Xqf1nklP4=,iPHsMR0ZorgaCTvHPjgEL46B2rE=
-28,20,x8PfHkb+Mw4+E5NXu6Xqf1nklP4=,iPHsMR0ZorgaCTvHPjgEL46B2rE=
-21,20,x8PfHkb+Mw4+E5NXu6Xqf1nklP4=,iPHsMR0ZorgaCTvHPjgEL46B2rE=
-24,20,x8PfHkb+Mw4+E5NXu6Xqf1nklP4=,iPHsMR0ZorgaCTvHPjgEL46B2rE=
-26,20,x8PfHkb+Mw4+E5NXu6Xqf1nklP4=,iPHsMR0ZorgaCTvHPjgEL46B2rE=
-27,16,x8PfHkb+Mw4+E5NXu6Xqf1nklP4=,iPHsMR0ZorgaCTvHPjgEL46B2rE=
-30,20,x8PfHkb+Mw4+E5NXu6Xqf1nklP4=,iPHsMR0ZorgaCTvHPjgEL46B2rE=
-31,18,x8PfHkb+Mw4+E5NXu6Xqf1nklP4=,iPHsMR0ZorgaCTvHPjgEL46B2rE=
-23,20,x8PfHkb+Mw4+E5NXu6Xqf1nklP4=,iPHsMR0ZorgaCTvHPjgEL46B2rE=
-31,20,x8PfHkb+Mw4+E5NXu6Xqf1nklP4=,iPHsMR0ZorgaCTvHPjgEL46B2rE=
-28,19,x8PfHkb+Mw4+E5NXu6Xqf1nklP4=,iPHsMR0ZorgaCTvHPjgEL46B2rE=
-25,19,x8PfHkb+Mw4+E5NXu6Xqf1nklP4=,iPHsMR0ZorgaCTvHPjgEL46B2rE=
-22,20,x8PfHkb+Mw4+E5NXu6Xqf1nklP4=,iPHsMR0ZorgaCTvHPjgEL46B2rE=
-26,19,x8PfHkb+Mw4+E5NXu6Xqf1nklP4=,iPHsMR0ZorgaCTvHPjgEL46B2rE=
-19,19,x8PfHkb+Mw4+E5NXu6Xqf1nklP4=,iPHsMR0ZorgaCTvHPjgEL46B2rE=
-30,18,x8PfHkb+Mw4+E5NXu6Xqf1nklP4=,iPHsMR0ZorgaCTvHPjgEL46B2rE=
-17,19,x8PfHkb+Mw4+E5NXu6Xqf1nklP4=,iPHsMR0ZorgaCTvHPjgEL46B2rE=
-20,19,x8PfHkb+Mw4+E5NXu6Xqf1nklP4=,iPHsMR0ZorgaCTvHPjgEL46B2rE=
-18,19,x8PfHkb+Mw4+E5NXu6Xqf1nklP4=,iPHsMR0ZorgaCTvHPjgEL46B2rE=
-24,19,x8PfHkb+Mw4+E5NXu6Xqf1nklP4=,iPHsMR0ZorgaCTvHPjgEL46B2rE=
-23,19,x8PfHkb+Mw4+E5NXu6Xqf1nklP4=,iPHsMR0ZorgaCTvHPjgEL46B2rE=
-27,19,x8PfHkb+Mw4+E5NXu6Xqf1nklP4=,iPHsMR0ZorgaCTvHPjgEL46B2rE=
-22,19,x8PfHkb+Mw4+E5NXu6Xqf1nklP4=,iPHsMR0ZorgaCTvHPjgEL46B2rE=
-32,18,x8PfHkb+Mw4+E5NXu6Xqf1nklP4=,iPHsMR0ZorgaCTvHPjgEL46B2rE=
-21,19,x8PfHkb+Mw4+E5NXu6Xqf1nklP4=,iPHsMR0ZorgaCTvHPjgEL46B2rE=
-32,20,x8PfHkb+Mw4+E5NXu6Xqf1nklP4=,iPHsMR0ZorgaCTvHPjgEL46B2rE=
-28,16,x8PfHkb+Mw4+E5NXu6Xqf1nklP4=,iPHsMR0ZorgaCTvHPjgEL46B2rE=
-2,31,idwUwdqs2UUVBB0Rdp6YfFmBfBk=,0XTEeInoc0PHbzC67WERQTZAoDc=
-7,31,idwUwdqs2UUVBB0Rdp6YfFmBfBk=,0XTEeInoc0PHbzC67WERQTZAoDc=
-11,31,idwUwdqs2UUVBB0Rdp6YfFmBfBk=,0XTEeInoc0PHbzC67WERQTZAoDc=
-13,31,idwUwdqs2UUVBB0Rdp6YfFmBfBk=,0XTEeInoc0PHbzC67WERQTZAoDc=
-5,31,idwUwdqs2UUVBB0Rdp6YfFmBfBk=,0XTEeInoc0PHbzC67WERQTZAoDc=
-6,31,idwUwdqs2UUVBB0Rdp6YfFmBfBk=,0XTEeInoc0PHbzC67WERQTZAoDc=
-9,31,idwUwdqs2UUVBB0Rdp6YfFmBfBk=,0XTEeInoc0PHbzC67WERQTZAoDc=
-3,18,idwUwdqs2UUVBB0Rdp6YfFmBfBk=,0XTEeInoc0PHbzC67WERQTZAoDc=
-4,31,idwUwdqs2UUVBB0Rdp6YfFmBfBk=,0XTEeInoc0PHbzC67WERQTZAoDc=
-5,17,idwUwdqs2UUVBB0Rdp6YfFmBfBk=,0XTEeInoc0PHbzC67WERQTZAoDc=
-10,31,NLhNzKL+eRnkzHsofjDkuDaxu7Y=,0XTEeInoc0PHbzC67WERQTZAoDc=
-12,31,NLhNzKL+eRnkzHsofjDkuDaxu7Y=,0XTEeInoc0PHbzC67WERQTZAoDc=
-3,17,NLhNzKL+eRnkzHsofjDkuDaxu7Y=,0XTEeInoc0PHbzC67WERQTZAoDc=
-1,31,NLhNzKL+eRnkzHsofjDkuDaxu7Y=,0XTEeInoc0PHbzC67WERQTZAoDc=
-4,17,NLhNzKL+eRnkzHsofjDkuDaxu7Y=,0XTEeInoc0PHbzC67WERQTZAoDc=
-8,31,NLhNzKL+eRnkzHsofjDkuDaxu7Y=,0XTEeInoc0PHbzC67WERQTZAoDc=
-10,17,NLhNzKL+eRnkzHsofjDkuDaxu7Y=,0XTEeInoc0PHbzC67WERQTZAoDc=
-15,31,NLhNzKL+eRnkzHsofjDkuDaxu7Y=,0XTEeInoc0PHbzC67WERQTZAoDc=
-8,17,NLhNzKL+eRnkzHsofjDkuDaxu7Y=,0XTEeInoc0PHbzC67WERQTZAoDc=
-13,16,NLhNzKL+eRnkzHsofjDkuDaxu7Y=,0XTEeInoc0PHbzC67WERQTZAoDc=
-3,31,NLhNzKL+eRnkzHsofjDkuDaxu7Y=,0XTEeInoc0PHbzC67WERQTZAoDc=
-2,17,NLhNzKL+eRnkzHsofjDkuDaxu7Y=,0XTEeInoc0PHbzC67WERQTZAoDc=
-12,17,NLhNzKL+eRnkzHsofjDkuDaxu7Y=,0XTEeInoc0PHbzC67WERQTZAoDc=
-1,17,NLhNzKL+eRnkzHsofjDkuDaxu7Y=,0XTEeInoc0PHbzC67WERQTZAoDc=
-6,17,NLhNzKL+eRnkzHsofjDkuDaxu7Y=,0XTEeInoc0PHbzC67WERQTZAoDc=
-14,31,NLhNzKL+eRnkzHsofjDkuDaxu7Y=,0XTEeInoc0PHbzC67WERQTZAoDc=
-7,17,NLhNzKL+eRnkzHsofjDkuDaxu7Y=,0XTEeInoc0PHbzC67WERQTZAoDc=
-15,17,NLhNzKL+eRnkzHsofjDkuDaxu7Y=,0XTEeInoc0PHbzC67WERQTZAoDc=
-2,30,NLhNzKL+eRnkzHsofjDkuDaxu7Y=,0XTEeInoc0PHbzC67WERQTZAoDc=
-3,30,NLhNzKL+eRnkzHsofjDkuDaxu7Y=,0XTEeInoc0PHbzC67WERQTZAoDc=
-1,30,NLhNzKL+eRnkzHsofjDkuDaxu7Y=,0XTEeInoc0PHbzC67WERQTZAoDc=
-11,17,NLhNzKL+eRnkzHsofjDkuDaxu7Y=,0XTEeInoc0PHbzC67WERQTZAoDc=
-14,17,NLhNzKL+eRnkzHsofjDkuDaxu7Y=,0XTEeInoc0PHbzC67WERQTZAoDc=
-13,30,NLhNzKL+eRnkzHsofjDkuDaxu7Y=,0XTEeInoc0PHbzC67WERQTZAoDc=
-9,30,NLhNzKL+eRnkzHsofjDkuDaxu7Y=,0XTEeInoc0PHbzC67WERQTZAoDc=
-9,17,NLhNzKL+eRnkzHsofjDkuDaxu7Y=,0XTEeInoc0PHbzC67WERQTZAoDc=
-7,30,NLhNzKL+eRnkzHsofjDkuDaxu7Y=,0XTEeInoc0PHbzC67WERQTZAoDc=
-14,16,NLhNzKL+eRnkzHsofjDkuDaxu7Y=,0XTEeInoc0PHbzC67WERQTZAoDc=
-1,29,NLhNzKL+eRnkzHsofjDkuDaxu7Y=,0XTEeInoc0PHbzC67WERQTZAoDc=
-8,30,NLhNzKL+eRnkzHsofjDkuDaxu7Y=,0XTEeInoc0PHbzC67WERQTZAoDc=
-5,30,NLhNzKL+eRnkzHsofjDkuDaxu7Y=,0XTEeInoc0PHbzC67WERQTZAoDc=
-14,30,NLhNzKL+eRnkzHsofjDkuDaxu7Y=,0XTEeInoc0PHbzC67WERQTZAoDc=
-4,18,NLhNzKL+eRnkzHsofjDkuDaxu7Y=,0XTEeInoc0PHbzC67WERQTZAoDc=
-6,30,NLhNzKL+eRnkzHsofjDkuDaxu7Y=,0XTEeInoc0PHbzC67WERQTZAoDc=
-4,30,NLhNzKL+eRnkzHsofjDkuDaxu7Y=,0XTEeInoc0PHbzC67WERQTZAoDc=
-13,17,NLhNzKL+eRnkzHsofjDkuDaxu7Y=,0XTEeInoc0PHbzC67WERQTZAoDc=
-2,18,NLhNzKL+eRnkzHsofjDkuDaxu7Y=,0XTEeInoc0PHbzC67WERQTZAoDc=
-12,30,NLhNzKL+eRnkzHsofjDkuDaxu7Y=,0XTEeInoc0PHbzC67WERQTZAoDc=
-16,31,NLhNzKL+eRnkzHsofjDkuDaxu7Y=,0XTEeInoc0PHbzC67WERQTZAoDc=
-11,30,NLhNzKL+eRnkzHsofjDkuDaxu7Y=,0XTEeInoc0PHbzC67WERQTZAoDc=
-16,30,NLhNzKL+eRnkzHsofjDkuDaxu7Y=,0XTEeInoc0PHbzC67WERQTZAoDc=
-10,30,NLhNzKL+eRnkzHsofjDkuDaxu7Y=,0XTEeInoc0PHbzC67WERQTZAoDc=
-1,16,NLhNzKL+eRnkzHsofjDkuDaxu7Y=,0XTEeInoc0PHbzC67WERQTZAoDc=
-6,29,NLhNzKL+eRnkzHsofjDkuDaxu7Y=,0XTEeInoc0PHbzC67WERQTZAoDc=
-12,29,NLhNzKL+eRnkzHsofjDkuDaxu7Y=,0XTEeInoc0PHbzC67WERQTZAoDc=
-4,29,NLhNzKL+eRnkzHsofjDkuDaxu7Y=,0XTEeInoc0PHbzC67WERQTZAoDc=
-9,29,NLhNzKL+eRnkzHsofjDkuDaxu7Y=,0XTEeInoc0PHbzC67WERQTZAoDc=
-16,29,NLhNzKL+eRnkzHsofjDkuDaxu7Y=,0XTEeInoc0PHbzC67WERQTZAoDc=
-10,29,NLhNzKL+eRnkzHsofjDkuDaxu7Y=,0XTEeInoc0PHbzC67WERQTZAoDc=
-13,29,NLhNzKL+eRnkzHsofjDkuDaxu7Y=,0XTEeInoc0PHbzC67WERQTZAoDc=
-16,17,NLhNzKL+eRnkzHsofjDkuDaxu7Y=,0XTEeInoc0PHbzC67WERQTZAoDc=
-5,18,NLhNzKL+eRnkzHsofjDkuDaxu7Y=,0XTEeInoc0PHbzC67WERQTZAoDc=
-3,28,NLhNzKL+eRnkzHsofjDkuDaxu7Y=,0XTEeInoc0PHbzC67WERQTZAoDc=
-3,29,NLhNzKL+eRnkzHsofjDkuDaxu7Y=,0XTEeInoc0PHbzC67WERQTZAoDc=
-15,30,NLhNzKL+eRnkzHsofjDkuDaxu7Y=,0XTEeInoc0PHbzC67WERQTZAoDc=
-7,29,NLhNzKL+eRnkzHsofjDkuDaxu7Y=,0XTEeInoc0PHbzC67WERQTZAoDc=
-14,29,NLhNzKL+eRnkzHsofjDkuDaxu7Y=,0XTEeInoc0PHbzC67WERQTZAoDc=
-8,29,NLhNzKL+eRnkzHsofjDkuDaxu7Y=,0XTEeInoc0PHbzC67WERQTZAoDc=
-1,28,NLhNzKL+eRnkzHsofjDkuDaxu7Y=,0XTEeInoc0PHbzC67WERQTZAoDc=
-7,28,NLhNzKL+eRnkzHsofjDkuDaxu7Y=,0XTEeInoc0PHbzC67WERQTZAoDc=
-8,28,NLhNzKL+eRnkzHsofjDkuDaxu7Y=,0XTEeInoc0PHbzC67WERQTZAoDc=
-2,29,NLhNzKL+eRnkzHsofjDkuDaxu7Y=,0XTEeInoc0PHbzC67WERQTZAoDc=
-4,28,NLhNzKL+eRnkzHsofjDkuDaxu7Y=,0XTEeInoc0PHbzC67WERQTZAoDc=
-11,29,NLhNzKL+eRnkzHsofjDkuDaxu7Y=,0XTEeInoc0PHbzC67WERQTZAoDc=
-5,29,NLhNzKL+eRnkzHsofjDkuDaxu7Y=,0XTEeInoc0PHbzC67WERQTZAoDc=
-15,29,NLhNzKL+eRnkzHsofjDkuDaxu7Y=,0XTEeInoc0PHbzC67WERQTZAoDc=
-13,28,NLhNzKL+eRnkzHsofjDkuDaxu7Y=,0XTEeInoc0PHbzC67WERQTZAoDc=
-15,16,NLhNzKL+eRnkzHsofjDkuDaxu7Y=,0XTEeInoc0PHbzC67WERQTZAoDc=
-10,28,NLhNzKL+eRnkzHsofjDkuDaxu7Y=,0XTEeInoc0PHbzC67WERQTZAoDc=
-2,28,NLhNzKL+eRnkzHsofjDkuDaxu7Y=,0XTEeInoc0PHbzC67WERQTZAoDc=
-15,28,NLhNzKL+eRnkzHsofjDkuDaxu7Y=,0XTEeInoc0PHbzC67WERQTZAoDc=
-12,28,NLhNzKL+eRnkzHsofjDkuDaxu7Y=,0XTEeInoc0PHbzC67WERQTZAoDc=
-9,28,NLhNzKL+eRnkzHsofjDkuDaxu7Y=,0XTEeInoc0PHbzC67WERQTZAoDc=
-6,28,NLhNzKL+eRnkzHsofjDkuDaxu7Y=,0XTEeInoc0PHbzC67WERQTZAoDc=
-11,28,NLhNzKL+eRnkzHsofjDkuDaxu7Y=,0XTEeInoc0PHbzC67WERQTZAoDc=
-5,28,NLhNzKL+eRnkzHsofjDkuDaxu7Y=,0XTEeInoc0PHbzC67WERQTZAoDc=
-4,27,NLhNzKL+eRnkzHsofjDkuDaxu7Y=,0XTEeInoc0PHbzC67WERQTZAoDc=
-2,27,NLhNzKL+eRnkzHsofjDkuDaxu7Y=,0XTEeInoc0PHbzC67WERQTZAoDc=
-12,27,NLhNzKL+eRnkzHsofjDkuDaxu7Y=,0XTEeInoc0PHbzC67WERQTZAoDc=
-1,27,NLhNzKL+eRnkzHsofjDkuDaxu7Y=,0XTEeInoc0PHbzC67WERQTZAoDc=
-3,27,NLhNzKL+eRnkzHsofjDkuDaxu7Y=,0XTEeInoc0PHbzC67WERQTZAoDc=
-6,18,NLhNzKL+eRnkzHsofjDkuDaxu7Y=,0XTEeInoc0PHbzC67WERQTZAoDc=
-11,27,NLhNzKL+eRnkzHsofjDkuDaxu7Y=,0XTEeInoc0PHbzC67WERQTZAoDc=
-2,16,NLhNzKL+eRnkzHsofjDkuDaxu7Y=,0XTEeInoc0PHbzC67WERQTZAoDc=
-14,28,NLhNzKL+eRnkzHsofjDkuDaxu7Y=,0XTEeInoc0PHbzC67WERQTZAoDc=
-15,27,NLhNzKL+eRnkzHsofjDkuDaxu7Y=,0XTEeInoc0PHbzC67WERQTZAoDc=
-9,27,NLhNzKL+eRnkzHsofjDkuDaxu7Y=,0XTEeInoc0PHbzC67WERQTZAoDc=
-7,18,NLhNzKL+eRnkzHsofjDkuDaxu7Y=,0XTEeInoc0PHbzC67WERQTZAoDc=
-13,27,NLhNzKL+eRnkzHsofjDkuDaxu7Y=,0XTEeInoc0PHbzC67WERQTZAoDc=
-5,26,NLhNzKL+eRnkzHsofjDkuDaxu7Y=,0XTEeInoc0PHbzC67WERQTZAoDc=
-6,26,NLhNzKL+eRnkzHsofjDkuDaxu7Y=,0XTEeInoc0PHbzC67WERQTZAoDc=
-6,27,NLhNzKL+eRnkzHsofjDkuDaxu7Y=,0XTEeInoc0PHbzC67WERQTZAoDc=
-10,27,NLhNzKL+eRnkzHsofjDkuDaxu7Y=,0XTEeInoc0PHbzC67WERQTZAoDc=
-14,27,NLhNzKL+eRnkzHsofjDkuDaxu7Y=,0XTEeInoc0PHbzC67WERQTZAoDc=
-5,27,NLhNzKL+eRnkzHsofjDkuDaxu7Y=,0XTEeInoc0PHbzC67WERQTZAoDc=
-7,27,NLhNzKL+eRnkzHsofjDkuDaxu7Y=,0XTEeInoc0PHbzC67WERQTZAoDc=
-16,28,NLhNzKL+eRnkzHsofjDkuDaxu7Y=,0XTEeInoc0PHbzC67WERQTZAoDc=
-7,26,NLhNzKL+eRnkzHsofjDkuDaxu7Y=,0XTEeInoc0PHbzC67WERQTZAoDc=
-9,26,NLhNzKL+eRnkzHsofjDkuDaxu7Y=,0XTEeInoc0PHbzC67WERQTZAoDc=
-10,26,NLhNzKL+eRnkzHsofjDkuDaxu7Y=,0XTEeInoc0PHbzC67WERQTZAoDc=
-1,26,NLhNzKL+eRnkzHsofjDkuDaxu7Y=,0XTEeInoc0PHbzC67WERQTZAoDc=
-1,18,NLhNzKL+eRnkzHsofjDkuDaxu7Y=,0XTEeInoc0PHbzC67WERQTZAoDc=
-8,27,NLhNzKL+eRnkzHsofjDkuDaxu7Y=,0XTEeInoc0PHbzC67WERQTZAoDc=
-2,26,NLhNzKL+eRnkzHsofjDkuDaxu7Y=,0XTEeInoc0PHbzC67WERQTZAoDc=
-16,27,NLhNzKL+eRnkzHsofjDkuDaxu7Y=,0XTEeInoc0PHbzC67WERQTZAoDc=
-12,26,NLhNzKL+eRnkzHsofjDkuDaxu7Y=,0XTEeInoc0PHbzC67WERQTZAoDc=
-4,16,NLhNzKL+eRnkzHsofjDkuDaxu7Y=,0XTEeInoc0PHbzC67WERQTZAoDc=
-4,26,NLhNzKL+eRnkzHsofjDkuDaxu7Y=,0XTEeInoc0PHbzC67WERQTZAoDc=
-11,26,NLhNzKL+eRnkzHsofjDkuDaxu7Y=,0XTEeInoc0PHbzC67WERQTZAoDc=
-8,18,NLhNzKL+eRnkzHsofjDkuDaxu7Y=,0XTEeInoc0PHbzC67WERQTZAoDc=
-3,16,NLhNzKL+eRnkzHsofjDkuDaxu7Y=,0XTEeInoc0PHbzC67WERQTZAoDc=
-3,26,NLhNzKL+eRnkzHsofjDkuDaxu7Y=,0XTEeInoc0PHbzC67WERQTZAoDc=
-16,26,NLhNzKL+eRnkzHsofjDkuDaxu7Y=,0XTEeInoc0PHbzC67WERQTZAoDc=
-14,26,NLhNzKL+eRnkzHsofjDkuDaxu7Y=,0XTEeInoc0PHbzC67WERQTZAoDc=
-1,25,NLhNzKL+eRnkzHsofjDkuDaxu7Y=,0XTEeInoc0PHbzC67WERQTZAoDc=
-15,26,NLhNzKL+eRnkzHsofjDkuDaxu7Y=,0XTEeInoc0PHbzC67WERQTZAoDc=
-8,26,NLhNzKL+eRnkzHsofjDkuDaxu7Y=,0XTEeInoc0PHbzC67WERQTZAoDc=
-13,26,NLhNzKL+eRnkzHsofjDkuDaxu7Y=,0XTEeInoc0PHbzC67WERQTZAoDc=
-6,25,NLhNzKL+eRnkzHsofjDkuDaxu7Y=,0XTEeInoc0PHbzC67WERQTZAoDc=
-9,25,NLhNzKL+eRnkzHsofjDkuDaxu7Y=,0XTEeInoc0PHbzC67WERQTZAoDc=
-5,25,NLhNzKL+eRnkzHsofjDkuDaxu7Y=,0XTEeInoc0PHbzC67WERQTZAoDc=
-4,25,NLhNzKL+eRnkzHsofjDkuDaxu7Y=,0XTEeInoc0PHbzC67WERQTZAoDc=
-7,25,NLhNzKL+eRnkzHsofjDkuDaxu7Y=,0XTEeInoc0PHbzC67WERQTZAoDc=
-8,25,NLhNzKL+eRnkzHsofjDkuDaxu7Y=,0XTEeInoc0PHbzC67WERQTZAoDc=
-9,18,NLhNzKL+eRnkzHsofjDkuDaxu7Y=,0XTEeInoc0PHbzC67WERQTZAoDc=
-5,16,NLhNzKL+eRnkzHsofjDkuDaxu7Y=,0XTEeInoc0PHbzC67WERQTZAoDc=
-15,25,NLhNzKL+eRnkzHsofjDkuDaxu7Y=,0XTEeInoc0PHbzC67WERQTZAoDc=
-13,25,NLhNzKL+eRnkzHsofjDkuDaxu7Y=,0XTEeInoc0PHbzC67WERQTZAoDc=
-2,25,NLhNzKL+eRnkzHsofjDkuDaxu7Y=,0XTEeInoc0PHbzC67WERQTZAoDc=
-1,24,NLhNzKL+eRnkzHsofjDkuDaxu7Y=,0XTEeInoc0PHbzC67WERQTZAoDc=
-4,24,NLhNzKL+eRnkzHsofjDkuDaxu7Y=,0XTEeInoc0PHbzC67WERQTZAoDc=
-7,24,NLhNzKL+eRnkzHsofjDkuDaxu7Y=,0XTEeInoc0PHbzC67WERQTZAoDc=
-10,25,NLhNzKL+eRnkzHsofjDkuDaxu7Y=,0XTEeInoc0PHbzC67WERQTZAoDc=
-8,24,NLhNzKL+eRnkzHsofjDkuDaxu7Y=,0XTEeInoc0PHbzC67WERQTZAoDc=
-6,24,NLhNzKL+eRnkzHsofjDkuDaxu7Y=,0XTEeInoc0PHbzC67WERQTZAoDc=
-12,25,NLhNzKL+eRnkzHsofjDkuDaxu7Y=,0XTEeInoc0PHbzC67WERQTZAoDc=
-14,25,NLhNzKL+eRnkzHsofjDkuDaxu7Y=,0XTEeInoc0PHbzC67WERQTZAoDc=
-3,25,NLhNzKL+eRnkzHsofjDkuDaxu7Y=,0XTEeInoc0PHbzC67WERQTZAoDc=
-2,24,NLhNzKL+eRnkzHsofjDkuDaxu7Y=,0XTEeInoc0PHbzC67WERQTZAoDc=
-14,24,NLhNzKL+eRnkzHsofjDkuDaxu7Y=,0XTEeInoc0PHbzC67WERQTZAoDc=
-11,25,NLhNzKL+eRnkzHsofjDkuDaxu7Y=,0XTEeInoc0PHbzC67WERQTZAoDc=
-12,24,NLhNzKL+eRnkzHsofjDkuDaxu7Y=,0XTEeInoc0PHbzC67WERQTZAoDc=
-13,24,NLhNzKL+eRnkzHsofjDkuDaxu7Y=,0XTEeInoc0PHbzC67WERQTZAoDc=
-16,24,NLhNzKL+eRnkzHsofjDkuDaxu7Y=,0XTEeInoc0PHbzC67WERQTZAoDc=
-5,24,NLhNzKL+eRnkzHsofjDkuDaxu7Y=,0XTEeInoc0PHbzC67WERQTZAoDc=
-11,24,NLhNzKL+eRnkzHsofjDkuDaxu7Y=,0XTEeInoc0PHbzC67WERQTZAoDc=
-15,24,NLhNzKL+eRnkzHsofjDkuDaxu7Y=,0XTEeInoc0PHbzC67WERQTZAoDc=
-10,24,NLhNzKL+eRnkzHsofjDkuDaxu7Y=,0XTEeInoc0PHbzC67WERQTZAoDc=
-5,23,NLhNzKL+eRnkzHsofjDkuDaxu7Y=,0XTEeInoc0PHbzC67WERQTZAoDc=
-9,24,NLhNzKL+eRnkzHsofjDkuDaxu7Y=,0XTEeInoc0PHbzC67WERQTZAoDc=
-16,19,NLhNzKL+eRnkzHsofjDkuDaxu7Y=,0XTEeInoc0PHbzC67WERQTZAoDc=
-1,23,NLhNzKL+eRnkzHsofjDkuDaxu7Y=,0XTEeInoc0PHbzC67WERQTZAoDc=
-10,18,NLhNzKL+eRnkzHsofjDkuDaxu7Y=,0XTEeInoc0PHbzC67WERQTZAoDc=
-6,23,NLhNzKL+eRnkzHsofjDkuDaxu7Y=,0XTEeInoc0PHbzC67WERQTZAoDc=
-7,23,NLhNzKL+eRnkzHsofjDkuDaxu7Y=,0XTEeInoc0PHbzC67WERQTZAoDc=
-6,16,NLhNzKL+eRnkzHsofjDkuDaxu7Y=,0XTEeInoc0PHbzC67WERQTZAoDc=
-14,23,NLhNzKL+eRnkzHsofjDkuDaxu7Y=,0XTEeInoc0PHbzC67WERQTZAoDc=
-13,23,NLhNzKL+eRnkzHsofjDkuDaxu7Y=,0XTEeInoc0PHbzC67WERQTZAoDc=
-15,23,NLhNzKL+eRnkzHsofjDkuDaxu7Y=,0XTEeInoc0PHbzC67WERQTZAoDc=
-4,23,NLhNzKL+eRnkzHsofjDkuDaxu7Y=,0XTEeInoc0PHbzC67WERQTZAoDc=
-16,25,NLhNzKL+eRnkzHsofjDkuDaxu7Y=,0XTEeInoc0PHbzC67WERQTZAoDc=
-8,23,NLhNzKL+eRnkzHsofjDkuDaxu7Y=,0XTEeInoc0PHbzC67WERQTZAoDc=
-3,24,NLhNzKL+eRnkzHsofjDkuDaxu7Y=,0XTEeInoc0PHbzC67WERQTZAoDc=
-1,22,NLhNzKL+eRnkzHsofjDkuDaxu7Y=,0XTEeInoc0PHbzC67WERQTZAoDc=
-2,23,NLhNzKL+eRnkzHsofjDkuDaxu7Y=,0XTEeInoc0PHbzC67WERQTZAoDc=
-2,22,NLhNzKL+eRnkzHsofjDkuDaxu7Y=,0XTEeInoc0PHbzC67WERQTZAoDc=
-4,22,NLhNzKL+eRnkzHsofjDkuDaxu7Y=,0XTEeInoc0PHbzC67WERQTZAoDc=
-5,22,NLhNzKL+eRnkzHsofjDkuDaxu7Y=,0XTEeInoc0PHbzC67WERQTZAoDc=
-11,23,NLhNzKL+eRnkzHsofjDkuDaxu7Y=,0XTEeInoc0PHbzC67WERQTZAoDc=
-12,23,NLhNzKL+eRnkzHsofjDkuDaxu7Y=,0XTEeInoc0PHbzC67WERQTZAoDc=
-10,22,NLhNzKL+eRnkzHsofjDkuDaxu7Y=,0XTEeInoc0PHbzC67WERQTZAoDc=
-11,18,NLhNzKL+eRnkzHsofjDkuDaxu7Y=,0XTEeInoc0PHbzC67WERQTZAoDc=
-6,22,NLhNzKL+eRnkzHsofjDkuDaxu7Y=,0XTEeInoc0PHbzC67WERQTZAoDc=
-7,16,NLhNzKL+eRnkzHsofjDkuDaxu7Y=,0XTEeInoc0PHbzC67WERQTZAoDc=
-9,23,NLhNzKL+eRnkzHsofjDkuDaxu7Y=,0XTEeInoc0PHbzC67WERQTZAoDc=
-16,23,NLhNzKL+eRnkzHsofjDkuDaxu7Y=,0XTEeInoc0PHbzC67WERQTZAoDc=
-8,16,NLhNzKL+eRnkzHsofjDkuDaxu7Y=,0XTEeInoc0PHbzC67WERQTZAoDc=
-8,22,NLhNzKL+eRnkzHsofjDkuDaxu7Y=,0XTEeInoc0PHbzC67WERQTZAoDc=
-10,23,NLhNzKL+eRnkzHsofjDkuDaxu7Y=,0XTEeInoc0PHbzC67WERQTZAoDc=
-7,22,NLhNzKL+eRnkzHsofjDkuDaxu7Y=,0XTEeInoc0PHbzC67WERQTZAoDc=
-9,22,NLhNzKL+eRnkzHsofjDkuDaxu7Y=,0XTEeInoc0PHbzC67WERQTZAoDc=
-3,22,NLhNzKL+eRnkzHsofjDkuDaxu7Y=,0XTEeInoc0PHbzC67WERQTZAoDc=
-3,23,NLhNzKL+eRnkzHsofjDkuDaxu7Y=,0XTEeInoc0PHbzC67WERQTZAoDc=
-13,22,NLhNzKL+eRnkzHsofjDkuDaxu7Y=,0XTEeInoc0PHbzC67WERQTZAoDc=
-8,21,NLhNzKL+eRnkzHsofjDkuDaxu7Y=,0XTEeInoc0PHbzC67WERQTZAoDc=
-12,22,NLhNzKL+eRnkzHsofjDkuDaxu7Y=,0XTEeInoc0PHbzC67WERQTZAoDc=
-5,21,NLhNzKL+eRnkzHsofjDkuDaxu7Y=,0XTEeInoc0PHbzC67WERQTZAoDc=
-11,22,NLhNzKL+eRnkzHsofjDkuDaxu7Y=,0XTEeInoc0PHbzC67WERQTZAoDc=
-12,18,NLhNzKL+eRnkzHsofjDkuDaxu7Y=,0XTEeInoc0PHbzC67WERQTZAoDc=
-14,22,NLhNzKL+eRnkzHsofjDkuDaxu7Y=,0XTEeInoc0PHbzC67WERQTZAoDc=
-6,21,NLhNzKL+eRnkzHsofjDkuDaxu7Y=,0XTEeInoc0PHbzC67WERQTZAoDc=
-4,21,NLhNzKL+eRnkzHsofjDkuDaxu7Y=,0XTEeInoc0PHbzC67WERQTZAoDc=
-2,21,NLhNzKL+eRnkzHsofjDkuDaxu7Y=,0XTEeInoc0PHbzC67WERQTZAoDc=
-2,20,NLhNzKL+eRnkzHsofjDkuDaxu7Y=,0XTEeInoc0PHbzC67WERQTZAoDc=
-16,22,NLhNzKL+eRnkzHsofjDkuDaxu7Y=,0XTEeInoc0PHbzC67WERQTZAoDc=
-9,16,NLhNzKL+eRnkzHsofjDkuDaxu7Y=,0XTEeInoc0PHbzC67WERQTZAoDc=
-12,21,NLhNzKL+eRnkzHsofjDkuDaxu7Y=,0XTEeInoc0PHbzC67WERQTZAoDc=
-1,21,NLhNzKL+eRnkzHsofjDkuDaxu7Y=,0XTEeInoc0PHbzC67WERQTZAoDc=
-15,22,NLhNzKL+eRnkzHsofjDkuDaxu7Y=,0XTEeInoc0PHbzC67WERQTZAoDc=
-1,20,NLhNzKL+eRnkzHsofjDkuDaxu7Y=,0XTEeInoc0PHbzC67WERQTZAoDc=
-16,21,NLhNzKL+eRnkzHsofjDkuDaxu7Y=,0XTEeInoc0PHbzC67WERQTZAoDc=
-11,21,NLhNzKL+eRnkzHsofjDkuDaxu7Y=,0XTEeInoc0PHbzC67WERQTZAoDc=
-13,18,NLhNzKL+eRnkzHsofjDkuDaxu7Y=,0XTEeInoc0PHbzC67WERQTZAoDc=
-10,21,NLhNzKL+eRnkzHsofjDkuDaxu7Y=,0XTEeInoc0PHbzC67WERQTZAoDc=
-10,16,NLhNzKL+eRnkzHsofjDkuDaxu7Y=,0XTEeInoc0PHbzC67WERQTZAoDc=
-9,21,NLhNzKL+eRnkzHsofjDkuDaxu7Y=,0XTEeInoc0PHbzC67WERQTZAoDc=
-3,20,NLhNzKL+eRnkzHsofjDkuDaxu7Y=,0XTEeInoc0PHbzC67WERQTZAoDc=
-14,21,NLhNzKL+eRnkzHsofjDkuDaxu7Y=,0XTEeInoc0PHbzC67WERQTZAoDc=
-7,21,NLhNzKL+eRnkzHsofjDkuDaxu7Y=,0XTEeInoc0PHbzC67WERQTZAoDc=
-5,20,NLhNzKL+eRnkzHsofjDkuDaxu7Y=,0XTEeInoc0PHbzC67WERQTZAoDc=
-3,21,NLhNzKL+eRnkzHsofjDkuDaxu7Y=,0XTEeInoc0PHbzC67WERQTZAoDc=
-13,21,NLhNzKL+eRnkzHsofjDkuDaxu7Y=,0XTEeInoc0PHbzC67WERQTZAoDc=
-15,21,NLhNzKL+eRnkzHsofjDkuDaxu7Y=,0XTEeInoc0PHbzC67WERQTZAoDc=
-15,19,NLhNzKL+eRnkzHsofjDkuDaxu7Y=,0XTEeInoc0PHbzC67WERQTZAoDc=
-14,18,NLhNzKL+eRnkzHsofjDkuDaxu7Y=,0XTEeInoc0PHbzC67WERQTZAoDc=
-16,20,NLhNzKL+eRnkzHsofjDkuDaxu7Y=,0XTEeInoc0PHbzC67WERQTZAoDc=
-14,20,NLhNzKL+eRnkzHsofjDkuDaxu7Y=,0XTEeInoc0PHbzC67WERQTZAoDc=
-4,20,NLhNzKL+eRnkzHsofjDkuDaxu7Y=,0XTEeInoc0PHbzC67WERQTZAoDc=
-1,19,NLhNzKL+eRnkzHsofjDkuDaxu7Y=,0XTEeInoc0PHbzC67WERQTZAoDc=
-3,19,NLhNzKL+eRnkzHsofjDkuDaxu7Y=,0XTEeInoc0PHbzC67WERQTZAoDc=
-9,19,NLhNzKL+eRnkzHsofjDkuDaxu7Y=,0XTEeInoc0PHbzC67WERQTZAoDc=
-10,20,NLhNzKL+eRnkzHsofjDkuDaxu7Y=,0XTEeInoc0PHbzC67WERQTZAoDc=
-6,20,NLhNzKL+eRnkzHsofjDkuDaxu7Y=,0XTEeInoc0PHbzC67WERQTZAoDc=
-15,18,NLhNzKL+eRnkzHsofjDkuDaxu7Y=,0XTEeInoc0PHbzC67WERQTZAoDc=
-6,19,NLhNzKL+eRnkzHsofjDkuDaxu7Y=,0XTEeInoc0PHbzC67WERQTZAoDc=
-9,20,NLhNzKL+eRnkzHsofjDkuDaxu7Y=,0XTEeInoc0PHbzC67WERQTZAoDc=
-8,20,NLhNzKL+eRnkzHsofjDkuDaxu7Y=,0XTEeInoc0PHbzC67WERQTZAoDc=
-4,19,NLhNzKL+eRnkzHsofjDkuDaxu7Y=,0XTEeInoc0PHbzC67WERQTZAoDc=
-13,20,NLhNzKL+eRnkzHsofjDkuDaxu7Y=,0XTEeInoc0PHbzC67WERQTZAoDc=
-11,19,NLhNzKL+eRnkzHsofjDkuDaxu7Y=,0XTEeInoc0PHbzC67WERQTZAoDc=
-7,19,NLhNzKL+eRnkzHsofjDkuDaxu7Y=,0XTEeInoc0PHbzC67WERQTZAoDc=
-16,16,NLhNzKL+eRnkzHsofjDkuDaxu7Y=,0XTEeInoc0PHbzC67WERQTZAoDc=
-16,18,NLhNzKL+eRnkzHsofjDkuDaxu7Y=,0XTEeInoc0PHbzC67WERQTZAoDc=
-10,19,NLhNzKL+eRnkzHsofjDkuDaxu7Y=,0XTEeInoc0PHbzC67WERQTZAoDc=
-2,19,NLhNzKL+eRnkzHsofjDkuDaxu7Y=,0XTEeInoc0PHbzC67WERQTZAoDc=
-8,19,NLhNzKL+eRnkzHsofjDkuDaxu7Y=,0XTEeInoc0PHbzC67WERQTZAoDc=
-7,20,NLhNzKL+eRnkzHsofjDkuDaxu7Y=,0XTEeInoc0PHbzC67WERQTZAoDc=
-12,20,NLhNzKL+eRnkzHsofjDkuDaxu7Y=,0XTEeInoc0PHbzC67WERQTZAoDc=
-12,19,NLhNzKL+eRnkzHsofjDkuDaxu7Y=,0XTEeInoc0PHbzC67WERQTZAoDc=
-15,20,NLhNzKL+eRnkzHsofjDkuDaxu7Y=,0XTEeInoc0PHbzC67WERQTZAoDc=
-12,16,NLhNzKL+eRnkzHsofjDkuDaxu7Y=,0XTEeInoc0PHbzC67WERQTZAoDc=
-11,16,NLhNzKL+eRnkzHsofjDkuDaxu7Y=,0XTEeInoc0PHbzC67WERQTZAoDc=
-11,20,NLhNzKL+eRnkzHsofjDkuDaxu7Y=,0XTEeInoc0PHbzC67WERQTZAoDc=
-5,19,NLhNzKL+eRnkzHsofjDkuDaxu7Y=,0XTEeInoc0PHbzC67WERQTZAoDc=
-13,19,NLhNzKL+eRnkzHsofjDkuDaxu7Y=,0XTEeInoc0PHbzC67WERQTZAoDc=
-14,19,NLhNzKL+eRnkzHsofjDkuDaxu7Y=,0XTEeInoc0PHbzC67WERQTZAoDc=
-7,15,rWsbIc91KsoN47hdU+mHN2OZ+84=,f/eCJoBrwP4T0MTlwSgHBmyOLAM=
-3,2,rWsbIc91KsoN47hdU+mHN2OZ+84=,f/eCJoBrwP4T0MTlwSgHBmyOLAM=
-13,0,rWsbIc91KsoN47hdU+mHN2OZ+84=,f/eCJoBrwP4T0MTlwSgHBmyOLAM=
-8,15,rWsbIc91KsoN47hdU+mHN2OZ+84=,f/eCJoBrwP4T0MTlwSgHBmyOLAM=
-3,15,rWsbIc91KsoN47hdU+mHN2OZ+84=,f/eCJoBrwP4T0MTlwSgHBmyOLAM=
-1,15,rWsbIc91KsoN47hdU+mHN2OZ+84=,f/eCJoBrwP4T0MTlwSgHBmyOLAM=
-10,15,rWsbIc91KsoN47hdU+mHN2OZ+84=,f/eCJoBrwP4T0MTlwSgHBmyOLAM=
-3,1,rWsbIc91KsoN47hdU+mHN2OZ+84=,f/eCJoBrwP4T0MTlwSgHBmyOLAM=
-9,15,rWsbIc91KsoN47hdU+mHN2OZ+84=,f/eCJoBrwP4T0MTlwSgHBmyOLAM=
-6,1,rWsbIc91KsoN47hdU+mHN2OZ+84=,f/eCJoBrwP4T0MTlwSgHBmyOLAM=
-2,15,rWsbIc91KsoN47hdU+mHN2OZ+84=,f/eCJoBrwP4T0MTlwSgHBmyOLAM=
-15,1,rWsbIc91KsoN47hdU+mHN2OZ+84=,f/eCJoBrwP4T0MTlwSgHBmyOLAM=
-2,2,rWsbIc91KsoN47hdU+mHN2OZ+84=,f/eCJoBrwP4T0MTlwSgHBmyOLAM=
-5,15,rWsbIc91KsoN47hdU+mHN2OZ+84=,f/eCJoBrwP4T0MTlwSgHBmyOLAM=
-9,1,rWsbIc91KsoN47hdU+mHN2OZ+84=,f/eCJoBrwP4T0MTlwSgHBmyOLAM=
-4,15,p18iiaf/KQ8cLYxZgaP/ucgPLhg=,f/eCJoBrwP4T0MTlwSgHBmyOLAM=
-7,1,p18iiaf/KQ8cLYxZgaP/ucgPLhg=,f/eCJoBrwP4T0MTlwSgHBmyOLAM=
-8,1,p18iiaf/KQ8cLYxZgaP/ucgPLhg=,f/eCJoBrwP4T0MTlwSgHBmyOLAM=
-15,15,p18iiaf/KQ8cLYxZgaP/ucgPLhg=,f/eCJoBrwP4T0MTlwSgHBmyOLAM=
-11,15,p18iiaf/KQ8cLYxZgaP/ucgPLhg=,f/eCJoBrwP4T0MTlwSgHBmyOLAM=
-2,1,p18iiaf/KQ8cLYxZgaP/ucgPLhg=,f/eCJoBrwP4T0MTlwSgHBmyOLAM=
-6,15,p18iiaf/KQ8cLYxZgaP/ucgPLhg=,f/eCJoBrwP4T0MTlwSgHBmyOLAM=
-5,1,p18iiaf/KQ8cLYxZgaP/ucgPLhg=,f/eCJoBrwP4T0MTlwSgHBmyOLAM=
-12,15,p18iiaf/KQ8cLYxZgaP/ucgPLhg=,f/eCJoBrwP4T0MTlwSgHBmyOLAM=
-13,15,p18iiaf/KQ8cLYxZgaP/ucgPLhg=,f/eCJoBrwP4T0MTlwSgHBmyOLAM=
-10,1,p18iiaf/KQ8cLYxZgaP/ucgPLhg=,f/eCJoBrwP4T0MTlwSgHBmyOLAM=
-1,1,p18iiaf/KQ8cLYxZgaP/ucgPLhg=,f/eCJoBrwP4T0MTlwSgHBmyOLAM=
-4,1,p18iiaf/KQ8cLYxZgaP/ucgPLhg=,f/eCJoBrwP4T0MTlwSgHBmyOLAM=
-12,1,p18iiaf/KQ8cLYxZgaP/ucgPLhg=,f/eCJoBrwP4T0MTlwSgHBmyOLAM=
-14,0,p18iiaf/KQ8cLYxZgaP/ucgPLhg=,f/eCJoBrwP4T0MTlwSgHBmyOLAM=
-14,1,p18iiaf/KQ8cLYxZgaP/ucgPLhg=,f/eCJoBrwP4T0MTlwSgHBmyOLAM=
-2,14,p18iiaf/KQ8cLYxZgaP/ucgPLhg=,f/eCJoBrwP4T0MTlwSgHBmyOLAM=
-1,14,p18iiaf/KQ8cLYxZgaP/ucgPLhg=,f/eCJoBrwP4T0MTlwSgHBmyOLAM=
-3,14,p18iiaf/KQ8cLYxZgaP/ucgPLhg=,f/eCJoBrwP4T0MTlwSgHBmyOLAM=
-4,14,p18iiaf/KQ8cLYxZgaP/ucgPLhg=,f/eCJoBrwP4T0MTlwSgHBmyOLAM=
-11,1,p18iiaf/KQ8cLYxZgaP/ucgPLhg=,f/eCJoBrwP4T0MTlwSgHBmyOLAM=
-6,14,p18iiaf/KQ8cLYxZgaP/ucgPLhg=,f/eCJoBrwP4T0MTlwSgHBmyOLAM=
-14,15,p18iiaf/KQ8cLYxZgaP/ucgPLhg=,f/eCJoBrwP4T0MTlwSgHBmyOLAM=
-1,2,p18iiaf/KQ8cLYxZgaP/ucgPLhg=,f/eCJoBrwP4T0MTlwSgHBmyOLAM=
-13,1,p18iiaf/KQ8cLYxZgaP/ucgPLhg=,f/eCJoBrwP4T0MTlwSgHBmyOLAM=
-8,14,p18iiaf/KQ8cLYxZgaP/ucgPLhg=,f/eCJoBrwP4T0MTlwSgHBmyOLAM=
-16,15,p18iiaf/KQ8cLYxZgaP/ucgPLhg=,f/eCJoBrwP4T0MTlwSgHBmyOLAM=
-5,14,p18iiaf/KQ8cLYxZgaP/ucgPLhg=,f/eCJoBrwP4T0MTlwSgHBmyOLAM=
-11,14,p18iiaf/KQ8cLYxZgaP/ucgPLhg=,f/eCJoBrwP4T0MTlwSgHBmyOLAM=
-10,14,p18iiaf/KQ8cLYxZgaP/ucgPLhg=,f/eCJoBrwP4T0MTlwSgHBmyOLAM=
-4,2,p18iiaf/KQ8cLYxZgaP/ucgPLhg=,f/eCJoBrwP4T0MTlwSgHBmyOLAM=
-13,14,p18iiaf/KQ8cLYxZgaP/ucgPLhg=,f/eCJoBrwP4T0MTlwSgHBmyOLAM=
-12,14,p18iiaf/KQ8cLYxZgaP/ucgPLhg=,f/eCJoBrwP4T0MTlwSgHBmyOLAM=
-14,14,p18iiaf/KQ8cLYxZgaP/ucgPLhg=,f/eCJoBrwP4T0MTlwSgHBmyOLAM=
-15,14,p18iiaf/KQ8cLYxZgaP/ucgPLhg=,f/eCJoBrwP4T0MTlwSgHBmyOLAM=
-16,3,p18iiaf/KQ8cLYxZgaP/ucgPLhg=,f/eCJoBrwP4T0MTlwSgHBmyOLAM=
-1,13,p18iiaf/KQ8cLYxZgaP/ucgPLhg=,f/eCJoBrwP4T0MTlwSgHBmyOLAM=
-9,14,p18iiaf/KQ8cLYxZgaP/ucgPLhg=,f/eCJoBrwP4T0MTlwSgHBmyOLAM=
-2,13,p18iiaf/KQ8cLYxZgaP/ucgPLhg=,f/eCJoBrwP4T0MTlwSgHBmyOLAM=
-7,14,p18iiaf/KQ8cLYxZgaP/ucgPLhg=,f/eCJoBrwP4T0MTlwSgHBmyOLAM=
-4,13,p18iiaf/KQ8cLYxZgaP/ucgPLhg=,f/eCJoBrwP4T0MTlwSgHBmyOLAM=
-1,0,p18iiaf/KQ8cLYxZgaP/ucgPLhg=,f/eCJoBrwP4T0MTlwSgHBmyOLAM=
-16,14,p18iiaf/KQ8cLYxZgaP/ucgPLhg=,f/eCJoBrwP4T0MTlwSgHBmyOLAM=
-5,13,p18iiaf/KQ8cLYxZgaP/ucgPLhg=,f/eCJoBrwP4T0MTlwSgHBmyOLAM=
-7,13,p18iiaf/KQ8cLYxZgaP/ucgPLhg=,f/eCJoBrwP4T0MTlwSgHBmyOLAM=
-15,3,p18iiaf/KQ8cLYxZgaP/ucgPLhg=,f/eCJoBrwP4T0MTlwSgHBmyOLAM=
-5,2,p18iiaf/KQ8cLYxZgaP/ucgPLhg=,f/eCJoBrwP4T0MTlwSgHBmyOLAM=
-9,13,p18iiaf/KQ8cLYxZgaP/ucgPLhg=,f/eCJoBrwP4T0MTlwSgHBmyOLAM=
-8,13,p18iiaf/KQ8cLYxZgaP/ucgPLhg=,f/eCJoBrwP4T0MTlwSgHBmyOLAM=
-12,13,p18iiaf/KQ8cLYxZgaP/ucgPLhg=,f/eCJoBrwP4T0MTlwSgHBmyOLAM=
-3,13,p18iiaf/KQ8cLYxZgaP/ucgPLhg=,f/eCJoBrwP4T0MTlwSgHBmyOLAM=
-13,13,p18iiaf/KQ8cLYxZgaP/ucgPLhg=,f/eCJoBrwP4T0MTlwSgHBmyOLAM=
-6,13,p18iiaf/KQ8cLYxZgaP/ucgPLhg=,f/eCJoBrwP4T0MTlwSgHBmyOLAM=
-11,13,p18iiaf/KQ8cLYxZgaP/ucgPLhg=,f/eCJoBrwP4T0MTlwSgHBmyOLAM=
-15,13,p18iiaf/KQ8cLYxZgaP/ucgPLhg=,f/eCJoBrwP4T0MTlwSgHBmyOLAM=
-1,12,p18iiaf/KQ8cLYxZgaP/ucgPLhg=,f/eCJoBrwP4T0MTlwSgHBmyOLAM=
-16,1,p18iiaf/KQ8cLYxZgaP/ucgPLhg=,f/eCJoBrwP4T0MTlwSgHBmyOLAM=
-14,13,p18iiaf/KQ8cLYxZgaP/ucgPLhg=,f/eCJoBrwP4T0MTlwSgHBmyOLAM=
-14,3,p18iiaf/KQ8cLYxZgaP/ucgPLhg=,f/eCJoBrwP4T0MTlwSgHBmyOLAM=
-10,13,p18iiaf/KQ8cLYxZgaP/ucgPLhg=,f/eCJoBrwP4T0MTlwSgHBmyOLAM=
-5,12,p18iiaf/KQ8cLYxZgaP/ucgPLhg=,f/eCJoBrwP4T0MTlwSgHBmyOLAM=
-4,12,p18iiaf/KQ8cLYxZgaP/ucgPLhg=,f/eCJoBrwP4T0MTlwSgHBmyOLAM=
-6,2,p18iiaf/KQ8cLYxZgaP/ucgPLhg=,f/eCJoBrwP4T0MTlwSgHBmyOLAM=
-2,0,p18iiaf/KQ8cLYxZgaP/ucgPLhg=,f/eCJoBrwP4T0MTlwSgHBmyOLAM=
-7,12,p18iiaf/KQ8cLYxZgaP/ucgPLhg=,f/eCJoBrwP4T0MTlwSgHBmyOLAM=
-3,12,p18iiaf/KQ8cLYxZgaP/ucgPLhg=,f/eCJoBrwP4T0MTlwSgHBmyOLAM=
-2,12,p18iiaf/KQ8cLYxZgaP/ucgPLhg=,f/eCJoBrwP4T0MTlwSgHBmyOLAM=
-10,12,p18iiaf/KQ8cLYxZgaP/ucgPLhg=,f/eCJoBrwP4T0MTlwSgHBmyOLAM=
-16,13,p18iiaf/KQ8cLYxZgaP/ucgPLhg=,f/eCJoBrwP4T0MTlwSgHBmyOLAM=
-8,12,p18iiaf/KQ8cLYxZgaP/ucgPLhg=,f/eCJoBrwP4T0MTlwSgHBmyOLAM=
-15,0,p18iiaf/KQ8cLYxZgaP/ucgPLhg=,f/eCJoBrwP4T0MTlwSgHBmyOLAM=
-16,2,p18iiaf/KQ8cLYxZgaP/ucgPLhg=,f/eCJoBrwP4T0MTlwSgHBmyOLAM=
-12,12,p18iiaf/KQ8cLYxZgaP/ucgPLhg=,f/eCJoBrwP4T0MTlwSgHBmyOLAM=
-6,12,p18iiaf/KQ8cLYxZgaP/ucgPLhg=,f/eCJoBrwP4T0MTlwSgHBmyOLAM=
-11,12,p18iiaf/KQ8cLYxZgaP/ucgPLhg=,f/eCJoBrwP4T0MTlwSgHBmyOLAM=
-15,12,p18iiaf/KQ8cLYxZgaP/ucgPLhg=,f/eCJoBrwP4T0MTlwSgHBmyOLAM=
-1,11,p18iiaf/KQ8cLYxZgaP/ucgPLhg=,f/eCJoBrwP4T0MTlwSgHBmyOLAM=
-14,12,p18iiaf/KQ8cLYxZgaP/ucgPLhg=,f/eCJoBrwP4T0MTlwSgHBmyOLAM=
-9,12,p18iiaf/KQ8cLYxZgaP/ucgPLhg=,f/eCJoBrwP4T0MTlwSgHBmyOLAM=
-4,11,p18iiaf/KQ8cLYxZgaP/ucgPLhg=,f/eCJoBrwP4T0MTlwSgHBmyOLAM=
-3,11,p18iiaf/KQ8cLYxZgaP/ucgPLhg=,f/eCJoBrwP4T0MTlwSgHBmyOLAM=
-12,0,p18iiaf/KQ8cLYxZgaP/ucgPLhg=,f/eCJoBrwP4T0MTlwSgHBmyOLAM=
-2,11,p18iiaf/KQ8cLYxZgaP/ucgPLhg=,f/eCJoBrwP4T0MTlwSgHBmyOLAM=
-13,12,p18iiaf/KQ8cLYxZgaP/ucgPLhg=,f/eCJoBrwP4T0MTlwSgHBmyOLAM=
-8,11,p18iiaf/KQ8cLYxZgaP/ucgPLhg=,f/eCJoBrwP4T0MTlwSgHBmyOLAM=
-16,12,p18iiaf/KQ8cLYxZgaP/ucgPLhg=,f/eCJoBrwP4T0MTlwSgHBmyOLAM=
-7,11,p18iiaf/KQ8cLYxZgaP/ucgPLhg=,f/eCJoBrwP4T0MTlwSgHBmyOLAM=
-6,11,p18iiaf/KQ8cLYxZgaP/ucgPLhg=,f/eCJoBrwP4T0MTlwSgHBmyOLAM=
-12,11,p18iiaf/KQ8cLYxZgaP/ucgPLhg=,f/eCJoBrwP4T0MTlwSgHBmyOLAM=
-10,11,p18iiaf/KQ8cLYxZgaP/ucgPLhg=,f/eCJoBrwP4T0MTlwSgHBmyOLAM=
-9,11,p18iiaf/KQ8cLYxZgaP/ucgPLhg=,f/eCJoBrwP4T0MTlwSgHBmyOLAM=
-7,2,p18iiaf/KQ8cLYxZgaP/ucgPLhg=,f/eCJoBrwP4T0MTlwSgHBmyOLAM=
-5,11,p18iiaf/KQ8cLYxZgaP/ucgPLhg=,f/eCJoBrwP4T0MTlwSgHBmyOLAM=
-3,0,p18iiaf/KQ8cLYxZgaP/ucgPLhg=,f/eCJoBrwP4T0MTlwSgHBmyOLAM=
-13,3,p18iiaf/KQ8cLYxZgaP/ucgPLhg=,f/eCJoBrwP4T0MTlwSgHBmyOLAM=
-14,11,p18iiaf/KQ8cLYxZgaP/ucgPLhg=,f/eCJoBrwP4T0MTlwSgHBmyOLAM=
-16,11,p18iiaf/KQ8cLYxZgaP/ucgPLhg=,f/eCJoBrwP4T0MTlwSgHBmyOLAM=
-15,11,p18iiaf/KQ8cLYxZgaP/ucgPLhg=,f/eCJoBrwP4T0MTlwSgHBmyOLAM=
-2,10,p18iiaf/KQ8cLYxZgaP/ucgPLhg=,f/eCJoBrwP4T0MTlwSgHBmyOLAM=
-13,11,p18iiaf/KQ8cLYxZgaP/ucgPLhg=,f/eCJoBrwP4T0MTlwSgHBmyOLAM=
-4,10,p18iiaf/KQ8cLYxZgaP/ucgPLhg=,f/eCJoBrwP4T0MTlwSgHBmyOLAM=
-1,10,p18iiaf/KQ8cLYxZgaP/ucgPLhg=,f/eCJoBrwP4T0MTlwSgHBmyOLAM=
-3,10,p18iiaf/KQ8cLYxZgaP/ucgPLhg=,f/eCJoBrwP4T0MTlwSgHBmyOLAM=
-11,11,p18iiaf/KQ8cLYxZgaP/ucgPLhg=,f/eCJoBrwP4T0MTlwSgHBmyOLAM=
-12,3,p18iiaf/KQ8cLYxZgaP/ucgPLhg=,f/eCJoBrwP4T0MTlwSgHBmyOLAM=
-5,10,p18iiaf/KQ8cLYxZgaP/ucgPLhg=,f/eCJoBrwP4T0MTlwSgHBmyOLAM=
-6,10,p18iiaf/KQ8cLYxZgaP/ucgPLhg=,f/eCJoBrwP4T0MTlwSgHBmyOLAM=
-13,10,p18iiaf/KQ8cLYxZgaP/ucgPLhg=,f/eCJoBrwP4T0MTlwSgHBmyOLAM=
-9,10,p18iiaf/KQ8cLYxZgaP/ucgPLhg=,f/eCJoBrwP4T0MTlwSgHBmyOLAM=
-7,10,p18iiaf/KQ8cLYxZgaP/ucgPLhg=,f/eCJoBrwP4T0MTlwSgHBmyOLAM=
-4,0,p18iiaf/KQ8cLYxZgaP/ucgPLhg=,f/eCJoBrwP4T0MTlwSgHBmyOLAM=
-8,2,p18iiaf/KQ8cLYxZgaP/ucgPLhg=,f/eCJoBrwP4T0MTlwSgHBmyOLAM=
-10,10,p18iiaf/KQ8cLYxZgaP/ucgPLhg=,f/eCJoBrwP4T0MTlwSgHBmyOLAM=
-15,10,p18iiaf/KQ8cLYxZgaP/ucgPLhg=,f/eCJoBrwP4T0MTlwSgHBmyOLAM=
-11,10,p18iiaf/KQ8cLYxZgaP/ucgPLhg=,f/eCJoBrwP4T0MTlwSgHBmyOLAM=
-11,3,p18iiaf/KQ8cLYxZgaP/ucgPLhg=,f/eCJoBrwP4T0MTlwSgHBmyOLAM=
-1,9,p18iiaf/KQ8cLYxZgaP/ucgPLhg=,f/eCJoBrwP4T0MTlwSgHBmyOLAM=
-14,10,p18iiaf/KQ8cLYxZgaP/ucgPLhg=,f/eCJoBrwP4T0MTlwSgHBmyOLAM=
-12,10,p18iiaf/KQ8cLYxZgaP/ucgPLhg=,f/eCJoBrwP4T0MTlwSgHBmyOLAM=
-3,9,p18iiaf/KQ8cLYxZgaP/ucgPLhg=,f/eCJoBrwP4T0MTlwSgHBmyOLAM=
-16,10,p18iiaf/KQ8cLYxZgaP/ucgPLhg=,f/eCJoBrwP4T0MTlwSgHBmyOLAM=
-2,9,p18iiaf/KQ8cLYxZgaP/ucgPLhg=,f/eCJoBrwP4T0MTlwSgHBmyOLAM=
-4,9,p18iiaf/KQ8cLYxZgaP/ucgPLhg=,f/eCJoBrwP4T0MTlwSgHBmyOLAM=
-5,9,p18iiaf/KQ8cLYxZgaP/ucgPLhg=,f/eCJoBrwP4T0MTlwSgHBmyOLAM=
-8,10,p18iiaf/KQ8cLYxZgaP/ucgPLhg=,f/eCJoBrwP4T0MTlwSgHBmyOLAM=
-9,2,p18iiaf/KQ8cLYxZgaP/ucgPLhg=,f/eCJoBrwP4T0MTlwSgHBmyOLAM=
-7,9,p18iiaf/KQ8cLYxZgaP/ucgPLhg=,f/eCJoBrwP4T0MTlwSgHBmyOLAM=
-5,0,p18iiaf/KQ8cLYxZgaP/ucgPLhg=,f/eCJoBrwP4T0MTlwSgHBmyOLAM=
-12,9,p18iiaf/KQ8cLYxZgaP/ucgPLhg=,f/eCJoBrwP4T0MTlwSgHBmyOLAM=
-11,9,p18iiaf/KQ8cLYxZgaP/ucgPLhg=,f/eCJoBrwP4T0MTlwSgHBmyOLAM=
-6,9,p18iiaf/KQ8cLYxZgaP/ucgPLhg=,f/eCJoBrwP4T0MTlwSgHBmyOLAM=
-10,3,p18iiaf/KQ8cLYxZgaP/ucgPLhg=,f/eCJoBrwP4T0MTlwSgHBmyOLAM=
-10,9,p18iiaf/KQ8cLYxZgaP/ucgPLhg=,f/eCJoBrwP4T0MTlwSgHBmyOLAM=
-16,9,p18iiaf/KQ8cLYxZgaP/ucgPLhg=,f/eCJoBrwP4T0MTlwSgHBmyOLAM=
-1,8,p18iiaf/KQ8cLYxZgaP/ucgPLhg=,f/eCJoBrwP4T0MTlwSgHBmyOLAM=
-8,9,p18iiaf/KQ8cLYxZgaP/ucgPLhg=,f/eCJoBrwP4T0MTlwSgHBmyOLAM=
-9,9,p18iiaf/KQ8cLYxZgaP/ucgPLhg=,f/eCJoBrwP4T0MTlwSgHBmyOLAM=
-15,9,p18iiaf/KQ8cLYxZgaP/ucgPLhg=,f/eCJoBrwP4T0MTlwSgHBmyOLAM=
-5,8,p18iiaf/KQ8cLYxZgaP/ucgPLhg=,f/eCJoBrwP4T0MTlwSgHBmyOLAM=
-14,9,p18iiaf/KQ8cLYxZgaP/ucgPLhg=,f/eCJoBrwP4T0MTlwSgHBmyOLAM=
-3,8,p18iiaf/KQ8cLYxZgaP/ucgPLhg=,f/eCJoBrwP4T0MTlwSgHBmyOLAM=
-13,9,p18iiaf/KQ8cLYxZgaP/ucgPLhg=,f/eCJoBrwP4T0MTlwSgHBmyOLAM=
-2,8,p18iiaf/KQ8cLYxZgaP/ucgPLhg=,f/eCJoBrwP4T0MTlwSgHBmyOLAM=
-7,8,p18iiaf/KQ8cLYxZgaP/ucgPLhg=,f/eCJoBrwP4T0MTlwSgHBmyOLAM=
-4,8,p18iiaf/KQ8cLYxZgaP/ucgPLhg=,f/eCJoBrwP4T0MTlwSgHBmyOLAM=
-10,8,p18iiaf/KQ8cLYxZgaP/ucgPLhg=,f/eCJoBrwP4T0MTlwSgHBmyOLAM=
-9,3,p18iiaf/KQ8cLYxZgaP/ucgPLhg=,f/eCJoBrwP4T0MTlwSgHBmyOLAM=
-15,8,p18iiaf/KQ8cLYxZgaP/ucgPLhg=,f/eCJoBrwP4T0MTlwSgHBmyOLAM=
-13,8,p18iiaf/KQ8cLYxZgaP/ucgPLhg=,f/eCJoBrwP4T0MTlwSgHBmyOLAM=
-12,8,p18iiaf/KQ8cLYxZgaP/ucgPLhg=,f/eCJoBrwP4T0MTlwSgHBmyOLAM=
-9,8,p18iiaf/KQ8cLYxZgaP/ucgPLhg=,f/eCJoBrwP4T0MTlwSgHBmyOLAM=
-14,8,p18iiaf/KQ8cLYxZgaP/ucgPLhg=,f/eCJoBrwP4T0MTlwSgHBmyOLAM=
-10,2,p18iiaf/KQ8cLYxZgaP/ucgPLhg=,f/eCJoBrwP4T0MTlwSgHBmyOLAM=
-6,0,p18iiaf/KQ8cLYxZgaP/ucgPLhg=,f/eCJoBrwP4T0MTlwSgHBmyOLAM=
-8,8,p18iiaf/KQ8cLYxZgaP/ucgPLhg=,f/eCJoBrwP4T0MTlwSgHBmyOLAM=
-6,8,p18iiaf/KQ8cLYxZgaP/ucgPLhg=,f/eCJoBrwP4T0MTlwSgHBmyOLAM=
-16,8,p18iiaf/KQ8cLYxZgaP/ucgPLhg=,f/eCJoBrwP4T0MTlwSgHBmyOLAM=
-4,7,p18iiaf/KQ8cLYxZgaP/ucgPLhg=,f/eCJoBrwP4T0MTlwSgHBmyOLAM=
-7,7,p18iiaf/KQ8cLYxZgaP/ucgPLhg=,f/eCJoBrwP4T0MTlwSgHBmyOLAM=
-8,3,p18iiaf/KQ8cLYxZgaP/ucgPLhg=,f/eCJoBrwP4T0MTlwSgHBmyOLAM=
-11,8,p18iiaf/KQ8cLYxZgaP/ucgPLhg=,f/eCJoBrwP4T0MTlwSgHBmyOLAM=
-5,7,p18iiaf/KQ8cLYxZgaP/ucgPLhg=,f/eCJoBrwP4T0MTlwSgHBmyOLAM=
-10,7,p18iiaf/KQ8cLYxZgaP/ucgPLhg=,f/eCJoBrwP4T0MTlwSgHBmyOLAM=
-11,7,p18iiaf/KQ8cLYxZgaP/ucgPLhg=,f/eCJoBrwP4T0MTlwSgHBmyOLAM=
-9,7,p18iiaf/KQ8cLYxZgaP/ucgPLhg=,f/eCJoBrwP4T0MTlwSgHBmyOLAM=
-1,7,p18iiaf/KQ8cLYxZgaP/ucgPLhg=,f/eCJoBrwP4T0MTlwSgHBmyOLAM=
-11,2,p18iiaf/KQ8cLYxZgaP/ucgPLhg=,f/eCJoBrwP4T0MTlwSgHBmyOLAM=
-8,7,p18iiaf/KQ8cLYxZgaP/ucgPLhg=,f/eCJoBrwP4T0MTlwSgHBmyOLAM=
-2,7,p18iiaf/KQ8cLYxZgaP/ucgPLhg=,f/eCJoBrwP4T0MTlwSgHBmyOLAM=
-3,7,p18iiaf/KQ8cLYxZgaP/ucgPLhg=,f/eCJoBrwP4T0MTlwSgHBmyOLAM=
-6,7,p18iiaf/KQ8cLYxZgaP/ucgPLhg=,f/eCJoBrwP4T0MTlwSgHBmyOLAM=
-7,0,p18iiaf/KQ8cLYxZgaP/ucgPLhg=,f/eCJoBrwP4T0MTlwSgHBmyOLAM=
-7,3,p18iiaf/KQ8cLYxZgaP/ucgPLhg=,f/eCJoBrwP4T0MTlwSgHBmyOLAM=
-12,7,p18iiaf/KQ8cLYxZgaP/ucgPLhg=,f/eCJoBrwP4T0MTlwSgHBmyOLAM=
-16,7,p18iiaf/KQ8cLYxZgaP/ucgPLhg=,f/eCJoBrwP4T0MTlwSgHBmyOLAM=
-15,7,p18iiaf/KQ8cLYxZgaP/ucgPLhg=,f/eCJoBrwP4T0MTlwSgHBmyOLAM=
-4,6,p18iiaf/KQ8cLYxZgaP/ucgPLhg=,f/eCJoBrwP4T0MTlwSgHBmyOLAM=
-13,7,p18iiaf/KQ8cLYxZgaP/ucgPLhg=,f/eCJoBrwP4T0MTlwSgHBmyOLAM=
-2,6,p18iiaf/KQ8cLYxZgaP/ucgPLhg=,f/eCJoBrwP4T0MTlwSgHBmyOLAM=
-8,6,p18iiaf/KQ8cLYxZgaP/ucgPLhg=,f/eCJoBrwP4T0MTlwSgHBmyOLAM=
-14,7,p18iiaf/KQ8cLYxZgaP/ucgPLhg=,f/eCJoBrwP4T0MTlwSgHBmyOLAM=
-1,6,p18iiaf/KQ8cLYxZgaP/ucgPLhg=,f/eCJoBrwP4T0MTlwSgHBmyOLAM=
-5,6,p18iiaf/KQ8cLYxZgaP/ucgPLhg=,f/eCJoBrwP4T0MTlwSgHBmyOLAM=
-3,6,p18iiaf/KQ8cLYxZgaP/ucgPLhg=,f/eCJoBrwP4T0MTlwSgHBmyOLAM=
-6,6,p18iiaf/KQ8cLYxZgaP/ucgPLhg=,f/eCJoBrwP4T0MTlwSgHBmyOLAM=
-6,3,p18iiaf/KQ8cLYxZgaP/ucgPLhg=,f/eCJoBrwP4T0MTlwSgHBmyOLAM=
-13,6,p18iiaf/KQ8cLYxZgaP/ucgPLhg=,f/eCJoBrwP4T0MTlwSgHBmyOLAM=
-7,6,p18iiaf/KQ8cLYxZgaP/ucgPLhg=,f/eCJoBrwP4T0MTlwSgHBmyOLAM=
-12,2,p18iiaf/KQ8cLYxZgaP/ucgPLhg=,f/eCJoBrwP4T0MTlwSgHBmyOLAM=
-12,6,p18iiaf/KQ8cLYxZgaP/ucgPLhg=,f/eCJoBrwP4T0MTlwSgHBmyOLAM=
-9,6,p18iiaf/KQ8cLYxZgaP/ucgPLhg=,f/eCJoBrwP4T0MTlwSgHBmyOLAM=
-14,6,p18iiaf/KQ8cLYxZgaP/ucgPLhg=,f/eCJoBrwP4T0MTlwSgHBmyOLAM=
-16,6,p18iiaf/KQ8cLYxZgaP/ucgPLhg=,f/eCJoBrwP4T0MTlwSgHBmyOLAM=
-1,5,p18iiaf/KQ8cLYxZgaP/ucgPLhg=,f/eCJoBrwP4T0MTlwSgHBmyOLAM=
-8,0,p18iiaf/KQ8cLYxZgaP/ucgPLhg=,f/eCJoBrwP4T0MTlwSgHBmyOLAM=
-15,6,p18iiaf/KQ8cLYxZgaP/ucgPLhg=,f/eCJoBrwP4T0MTlwSgHBmyOLAM=
-11,6,p18iiaf/KQ8cLYxZgaP/ucgPLhg=,f/eCJoBrwP4T0MTlwSgHBmyOLAM=
-5,5,p18iiaf/KQ8cLYxZgaP/ucgPLhg=,f/eCJoBrwP4T0MTlwSgHBmyOLAM=
-10,6,p18iiaf/KQ8cLYxZgaP/ucgPLhg=,f/eCJoBrwP4T0MTlwSgHBmyOLAM=
-5,3,p18iiaf/KQ8cLYxZgaP/ucgPLhg=,f/eCJoBrwP4T0MTlwSgHBmyOLAM=
-2,5,p18iiaf/KQ8cLYxZgaP/ucgPLhg=,f/eCJoBrwP4T0MTlwSgHBmyOLAM=
-4,5,p18iiaf/KQ8cLYxZgaP/ucgPLhg=,f/eCJoBrwP4T0MTlwSgHBmyOLAM=
-3,5,p18iiaf/KQ8cLYxZgaP/ucgPLhg=,f/eCJoBrwP4T0MTlwSgHBmyOLAM=
-11,5,p18iiaf/KQ8cLYxZgaP/ucgPLhg=,f/eCJoBrwP4T0MTlwSgHBmyOLAM=
-13,2,p18iiaf/KQ8cLYxZgaP/ucgPLhg=,f/eCJoBrwP4T0MTlwSgHBmyOLAM=
-6,5,p18iiaf/KQ8cLYxZgaP/ucgPLhg=,f/eCJoBrwP4T0MTlwSgHBmyOLAM=
-9,5,p18iiaf/KQ8cLYxZgaP/ucgPLhg=,f/eCJoBrwP4T0MTlwSgHBmyOLAM=
-9,0,p18iiaf/KQ8cLYxZgaP/ucgPLhg=,f/eCJoBrwP4T0MTlwSgHBmyOLAM=
-8,5,p18iiaf/KQ8cLYxZgaP/ucgPLhg=,f/eCJoBrwP4T0MTlwSgHBmyOLAM=
-13,5,p18iiaf/KQ8cLYxZgaP/ucgPLhg=,f/eCJoBrwP4T0MTlwSgHBmyOLAM=
-7,5,p18iiaf/KQ8cLYxZgaP/ucgPLhg=,f/eCJoBrwP4T0MTlwSgHBmyOLAM=
-12,5,p18iiaf/KQ8cLYxZgaP/ucgPLhg=,f/eCJoBrwP4T0MTlwSgHBmyOLAM=
-14,5,p18iiaf/KQ8cLYxZgaP/ucgPLhg=,f/eCJoBrwP4T0MTlwSgHBmyOLAM=
-16,5,p18iiaf/KQ8cLYxZgaP/ucgPLhg=,f/eCJoBrwP4T0MTlwSgHBmyOLAM=
-10,5,p18iiaf/KQ8cLYxZgaP/ucgPLhg=,f/eCJoBrwP4T0MTlwSgHBmyOLAM=
-1,4,p18iiaf/KQ8cLYxZgaP/ucgPLhg=,f/eCJoBrwP4T0MTlwSgHBmyOLAM=
-4,3,p18iiaf/KQ8cLYxZgaP/ucgPLhg=,f/eCJoBrwP4T0MTlwSgHBmyOLAM=
-10,0,p18iiaf/KQ8cLYxZgaP/ucgPLhg=,f/eCJoBrwP4T0MTlwSgHBmyOLAM=
-8,4,p18iiaf/KQ8cLYxZgaP/ucgPLhg=,f/eCJoBrwP4T0MTlwSgHBmyOLAM=
-15,5,p18iiaf/KQ8cLYxZgaP/ucgPLhg=,f/eCJoBrwP4T0MTlwSgHBmyOLAM=
-4,4,p18iiaf/KQ8cLYxZgaP/ucgPLhg=,f/eCJoBrwP4T0MTlwSgHBmyOLAM=
-3,4,p18iiaf/KQ8cLYxZgaP/ucgPLhg=,f/eCJoBrwP4T0MTlwSgHBmyOLAM=
-11,0,p18iiaf/KQ8cLYxZgaP/ucgPLhg=,f/eCJoBrwP4T0MTlwSgHBmyOLAM=
-7,4,p18iiaf/KQ8cLYxZgaP/ucgPLhg=,f/eCJoBrwP4T0MTlwSgHBmyOLAM=
-12,4,p18iiaf/KQ8cLYxZgaP/ucgPLhg=,f/eCJoBrwP4T0MTlwSgHBmyOLAM=
-5,4,p18iiaf/KQ8cLYxZgaP/ucgPLhg=,f/eCJoBrwP4T0MTlwSgHBmyOLAM=
-2,4,p18iiaf/KQ8cLYxZgaP/ucgPLhg=,f/eCJoBrwP4T0MTlwSgHBmyOLAM=
-10,4,p18iiaf/KQ8cLYxZgaP/ucgPLhg=,f/eCJoBrwP4T0MTlwSgHBmyOLAM=
-11,4,p18iiaf/KQ8cLYxZgaP/ucgPLhg=,f/eCJoBrwP4T0MTlwSgHBmyOLAM=
-14,2,p18iiaf/KQ8cLYxZgaP/ucgPLhg=,f/eCJoBrwP4T0MTlwSgHBmyOLAM=
-6,4,p18iiaf/KQ8cLYxZgaP/ucgPLhg=,f/eCJoBrwP4T0MTlwSgHBmyOLAM=
-9,4,p18iiaf/KQ8cLYxZgaP/ucgPLhg=,f/eCJoBrwP4T0MTlwSgHBmyOLAM=
-14,4,p18iiaf/KQ8cLYxZgaP/ucgPLhg=,f/eCJoBrwP4T0MTlwSgHBmyOLAM=
-16,0,p18iiaf/KQ8cLYxZgaP/ucgPLhg=,f/eCJoBrwP4T0MTlwSgHBmyOLAM=
-13,4,p18iiaf/KQ8cLYxZgaP/ucgPLhg=,f/eCJoBrwP4T0MTlwSgHBmyOLAM=
-3,3,p18iiaf/KQ8cLYxZgaP/ucgPLhg=,f/eCJoBrwP4T0MTlwSgHBmyOLAM=
-15,4,p18iiaf/KQ8cLYxZgaP/ucgPLhg=,f/eCJoBrwP4T0MTlwSgHBmyOLAM=
-15,2,p18iiaf/KQ8cLYxZgaP/ucgPLhg=,f/eCJoBrwP4T0MTlwSgHBmyOLAM=
-1,3,p18iiaf/KQ8cLYxZgaP/ucgPLhg=,f/eCJoBrwP4T0MTlwSgHBmyOLAM=
-16,4,p18iiaf/KQ8cLYxZgaP/ucgPLhg=,f/eCJoBrwP4T0MTlwSgHBmyOLAM=
-2,3,p18iiaf/KQ8cLYxZgaP/ucgPLhg=,f/eCJoBrwP4T0MTlwSgHBmyOLAM=
